1875
0.13288078950352045 8
8.389345608936445 6
3.2497332417620015 5
-4.832388427447778 4
-9.174242914156263 1
9.94303857631181 3
-5.185946419505707 7
7.540202879751121 6
8.557523528712036 2
-3.5502699705194862 3
-2.4848022966337746 4
-3.9577332507210228 5
-3.649430789056116 8
-7.785712282427754 10
4.728333006298504 0
-0.4350243306169599 0
0.3293509922835973 6
5.115263810688383 10
-8.098788579311432 8
-6.685485218489968 1
2.256037520834056 9
-7.13102645349543 10
-3.281343794226137 6
-9.237412468892273 2
6.535160406720507 7
1.418439537484005 5
-5.622314747131687 0
-3.469606775037926 5
-6.28095854882752 0
0.0449210312189372 5
-1.3934749770967478 10
5.5860974104733 9
-0.7431585714435549 1
-0.3325887340959355 2
1.6998398334863367 2
-8.498953924159007 7
7.807512128224346 0
8.660378363329112 7
-0.16917272507771486 0
2.55064507145541 7
0.438410706074599 7
2.5639366304877047 10
-4.595452999462035 8
9.376187267829451 6
-6.42219165658944 6
1.1851892645803215 2
-4.884876698977891 5
2.246822175902077 5
7.949104308315469 4
1.6497400447027317 7
4.139151993225084 9
5.9108057989672105 10
-0.634865971212248 3
2.746349451709939 3
-3.341134592442616 2
8.623625939219117 10
7.077154762936118 1
6.591165747450724 1
7.525575940243886 9
9.396988194709436 8
-3.91208031164771 9
-4.964968399079909 10
4.835756958407867 9
5.808558682778759 8
3.5119791160621396 9
-9.842494319780453 10
-4.862269131669985 10
-4.5754443967352625 8
-7.223098372697692 2
-4.820399940648146 0
-4.271345640731175 10
-2.9267610581930263 5
5.322746273102535 4
-1.0499577384494216 9
0.9876972255414369 0
1.7323993291905655 1
3.552771790601403 6
-4.905915801461214 7
-6.86596447395857 8
-8.13744548060297 6
7.99594751794843 9
-0.6700122267487032 4
4.517224991116853 0
0.13840573913274312 9
0.37997141951489155 7
-4.243312359520262 6
-6.483688594005459 9
-4.404387375828119 0
8.979257378925066 1
-5.588512403223134 3
-2.0805498122846995 4
-3.654197559797801 1
-2.294920452494571 6
-2.7379613916164836 2
8.178903820521548 4
-2.523645387312367 9
-0.6386295380896847 8
-4.76309206333492 4
-8.974654988708696 10
3.2021155358335402 4
-4.460042877059451 3
7.6363588962653814 5
-7.78597477124261 6
3.1602227054203986 1
6.380793649723746 9
-4.1282575706104225 6
3.256310746610067 9
9.537369444449283 10
7.949003988748846 8
-9.561799105447786 7
0.7285752122767324 2
-4.172291772158672 0
-6.495618209056609 1
0.5056404897682221 9
0.14056681506166235 1
-9.987262620650403 6
7.918112227643263 2
3.5029200157671596 7
7.675792950865116 9
-6.685748832623302 9
2.986859581507183 6
-3.3446600165203417 10
0.46637952713846254 2
1.106184515500864 7
0.011757238145415627 3
3.500279449547657 5
-1.8429800089035915 7
0.971377086712689 4
-9.560409617270544 10
3.5297762446101437 3
-8.629478286475381 6
-6.001220450381723 4
9.285110356124843 7
5.3618320459764295 9
3.2152496022478143 2
3.437934958731324 5
1.0085538713021514 8
-7.164337707501316 0
-0.13272032522150035 10
1.5891074063284645 8
-3.324727957284681 9
-0.5952231798361005 10
-8.372027660351236 5
-6.815748822130545 9
-4.61090546459925 6
2.076480870420136 3
4.054172190716452 4
6.392888710064547 2
5.744446707254756 0
-9.77613149797677 6
3.357665008441062 0
-1.740004171484646 4
2.947948388243267 6
-7.6759132640816 1
-8.154076727650049 1
-5.021026299094002 6
-8.633162799708725 2
-1.928587640567498 7
5.438262820053179 3
-1.5205327198117864 5
8.691356037962258 8
8.965425671005562 8
-5.7487334764003535 6
5.944983320908005 10
7.674267401139993 3
-5.543963117330439 3
8.433566742006882 9
4.786662773683858 7
0.9498028901248574 4
-3.0965008719388276 1
-2.078876930575266 4
5.732755260212123 6
-2.239865953654652 9
-7.354578933169186 6
7.6091788738312225 2
-1.0496508133340061 2
0.036443672013870554 1
8.380616289685673 0
3.384316022361702 1
-3.536430617835247 0
4.776284154082012 3
-9.988658406252496 0
-5.099173115785072 10
2.4701592779637522 4
-4.528754874931709 6
-2.967277921281637 7
-9.208016038441526 8
-9.282245205489122 9
2.5303263222726073 4
-0.8222875315537195 9
-0.7362205695852868 5
-0.0414786083989469 2
-7.663381278549897 0
2.9294208926916063 5
-6.037660947151522 3
4.05503411539938 3
9.80327793871784 5
-9.14017191561394 8
-5.756404190792869 3
-3.409545396824578 5
-7.974107049840864 0
-5.752253575856994 9
5.906090513909314 10
-1.2029032965853492 2
-7.180134885581193 6
2.204622858451181 5
7.929780975394763 2
4.63073223077336 8
-1.975671275575614 1
-5.2025135376862135 2
3.6809959397734726 5
-0.5190221643539203 10
9.857372892999972 7
-3.0788336830787477 7
9.77573189230641 1
2.176876798090003 6
5.098402290090895 3
-1.3457085993166409 0
-9.87777642082618 7
2.9980222859876715 2
-7.883732542348893 0
9.62144764986516 0
8.736753409106171 6
3.0317724521458107 1
-2.058546406993962 6
5.608261867566808 2
8.732167512313392 9
-4.666311107295538 1
-6.905906794466283 3
-9.015320398195401 6
-7.9895103879490055 3
-5.689378387089052 0
8.672393621144113 7
9.387480557673523 3
9.8022268636883 4
-1.4350753087204478 6
-2.6786856632005973 10
-9.185328086938679 3
8.787714670070798 0
-3.516154444574358 9
6.980516296081511 8
2.775785461840428 8
0.11717698650398489 2
-8.354525659142018 0
9.29481566043544 1
-1.8277775669279084 9
2.3373983961564644 10
-8.039546441574785 3
-3.082850007595881 0
-8.092617798791846 2
4.190490061428271 8
5.001127602535796 1
-1.829486028345773 0
-1.7705448767964675 4
-3.7206495418301477 6
-5.26335251074501 10
9.908805033543107 3
-8.566354275853366 2
-1.734299113744095 3
0.9500853219413141 3
-9.46250592156682 1
-4.091388602647377 10
6.89907582398525 5
6.837048792108064 4
6.901882997523771 8
2.7719615197560152 0
-9.771302457189154 5
-9.410031572716411 7
-9.407506987213585 1
4.420574404662659 1
7.251577648352928 6
-9.546162975943002 3
-7.6984373102881225 10
0.43081332293140484 9
-1.9945814137616065 3
7.5069200510014795 10
-8.087106273490614 4
6.318960339052261 4
-7.99012361568856 1
0.47925425560666035 2
-3.663174862312813 7
1.798980473256881 1
4.623807839167636 7
2.952208776314249 4
-5.488228188338855 6
-0.35172183257348166 3
7.837324577088776 0
-8.82449511039691 6
-0.8421053096741318 1
-1.5582130412512427 1
-4.3886844401883245 8
7.433348931584678 7
8.041024235307557 1
4.434270344514829 1
9.355615256656893 10
5.127282688005403 10
-2.937110250956132 0
1.3994668916867088 6
3.5477236496317808 3
8.077916909615375 2
-8.593752294808255 5
2.2556188405144795 5
6.738839799440136 6
9.278863924224122 2
9.046755738398659 9
6.175106173962416 6
-5.984296139554168 9
0.10596875972676045 3
5.9806192263431885 4
-6.131759144549362 3
-1.0209527649141155 2
-3.53901457416306 1
-2.948153956379052 1
-1.0289405323184209 8
1.4482554076392535 5
6.7644340792600275 0
-1.3047369698634306 6
-2.5157058964766605 4
-3.959628570366398 8
3.7673216557452864 10
-2.5832937067932455 0
7.68796153659288 10
0.98323421986942 9
0.8841996970225257 8
0.845511821560688 10
-4.871893037297646 1
-2.4029520699474016 2
-8.244763187187944 8
-2.362649350574337 4
-1.5613893919019954 8
9.197827178196484 6
-1.3055763940464722 0
6.515953922601042 3
-2.657456622258869 9
3.9769282174542795 6
6.362665184720214 10
9.058202070728033 1
4.497956151670081 9
1.566712874881727 9
4.737454410292523 4
-0.0663135785628306 8
-6.580075472701557 0
-6.06935102729369 10
-0.6559943327696143 7
-7.904777833808678 1
-8.522013831129948 10
6.358352703504966 6
5.494703948151066 7
-2.60723972914779 3
8.758491810257642 10
6.124682498452561 8
9.798296762484302 9
0.17671002088833276 5
6.978320852621561 4
6.887114337609109 9
9.549077691845746 9
5.214654487937995 8
-9.97473550026344 5
6.054967453827562 0
-5.5567728814144886 6
-2.2573362218688287 6
-1.0486548124467951 7
7.737404172964201 8
1.3487824315343069 9
-0.7258414344580295 8
-2.315909168885792 3
5.43429943060408 7
7.004016481435048 4
-3.66466379699024 5
0.2737814611413967 7
-5.748902660864303 5
-1.4638432070959677 7
-2.8281709664239436 5
-7.942529665330531 4
3.683441782816665 4
-5.498640824836743 3
7.350707852725492 8
2.991138085505545 8
3.248118461124534 5
2.0384088186156735 3
2.014921518974557 5
5.137906726210913 1
6.452516257599971 10
0.5365118217537805 2
-0.5427001316004372 5
6.85577002279048 9
-3.7088650923759943 1
7.866931722211859 9
-3.9708490058129957 8
-5.430599597493487 10
8.649389515124597 6
7.766297986416312 1
-6.092364945368369 8
5.4365228980301605 1
5.6619742130872925 8
9.930508654716526 9
1.5678865933306447 4
5.082133069411743 4
-1.460849797035067 3
1.7574402764288095 8
-0.48611090306559035 5
-6.137383930616274 0
3.3228977539649414 5
-9.904111830461687 9
-4.172284195809695 7
2.5413481227984533 4
3.668720606154533 6
-5.232474507434361 2
5.620942495108981 10
-8.070640773569318 5
3.6797390773761194 6
-1.9385950928241602 8
-1.7867117201151377 8
0.012916035839523943 10
-3.877913099917352 7
9.670059451991488 6
9.026848630985508 6
-6.970606521184353 10
-5.5821354440697775 4
2.1041353946965984 8
-6.825021500309099 10
-8.83421436240335 8
-8.728835899747526 10
6.921441332350124 2
-7.698795378069628 9
3.10518694049742 3
1.6693073488492836 9
2.6965950851857805 3
4.54310972234248 2
-7.043830624940153 8
7.015989513927295 7
-9.39693294039654 3
1.6289933974542627 3
6.859800331684831 3
5.455793951615977 2
6.981207364049705 10
5.088391618014207 6
8.855106122697457 7
0.6604235695565137 7
-6.98074389140706 10
4.215638257321238 7
4.605277506153655 2
-4.18401308289342 9
-8.09940611635431 4
-8.740223121308404 0
4.174934449198362 1
-9.884091298274122 5
7.943458384139184 6
-2.8791989529527218 5
9.749830729160966 1
1.7173311770409434 9
5.72795846326699 2
-4.158164093200556 10
4.750937121101931 3
7.806767227941155 8
-8.761826013151854 4
9.588478962862862 7
4.9226770839506635 7
-9.300425795039581 1
2.45577198455004 1
-8.787573551519417 9
1.0094211758371703 10
-3.456176972056644 10
-7.112296774411597 0
2.7435330802600006 9
1.3538841847759837 5
2.631031241338192 5
7.717646778844831 10
-7.068425565539107 6
-9.485841557918844 2
8.018413797091966 2
-2.1545272934376776 10
-0.9074478160919988 6
-9.040643186106493 5
-0.5416979478657282 5
-1.169598339675776 2
2.0767610495993143 8
2.4570391422152333 10
5.62936492755718 8
-2.767140451936985 6
-4.865360028420309 6
-2.2342647504243685 5
-7.259350808605268 3
9.48572187433389 8
8.908405654238106 5
-8.5128064654952 6
8.509402767894471 9
-5.339152461000543 5
1.0011620666126895 2
-8.597110215825394 6
-2.936314005063352 1
8.522389295406612 0
6.958402282573022 8
7.967278320140839 8
-5.68802439531966 3
0.3984224437151731 5
4.2934247382006845 3
2.9934654105942915 8
-7.97822494928824 2
-9.883810065663274 3
-7.467254948663964 9
4.33109189622466 0
-2.922666479279627 4
2.457446608624066 8
-5.699021730960181 3
2.5607551929047307 6
-6.2737761635227285 6
-2.622651266779452 10
4.975366422107587 1
6.905820480970387 1
1.0544886885308902 8
-9.112091749243117 5
-6.956451628949994 5
7.560142333447782 4
9.021892933269015 2
7.724728065927035 1
-2.5826249999346462 1
4.356308025279862 5
6.484958888894816 1
0.3230275907588087 1
5.7811081461386316 6
2.508552189168519 1
-0.08504609454568701 2
7.180838074797805 8
-4.253495577198829 6
-9.015481040150346 2
7.0581180758982 0
7.88731406322675 9
7.800610626728741 1
-6.203975575601028 3
2.1329752315974346 4
1.2329254689578821 10
9.183535880964495 8
-6.340465569073654 0
-6.690804039663747 10
2.9639530685920477 2
5.565506398487948 1
1.8795180470865986 8
-7.752187034071925 8
9.05597995489024 7
-7.124605231920011 7
-8.706132527330375 0
-4.541060142209179 6
5.084897051496519 1
0.31449215456253654 7
3.5774754231528956 7
2.9620196548342985 1
-5.39681683827949 10
-7.851349303472974 2
5.687159299652503 0
0.07946638016102625 10
-8.632443557376718 8
8.285790267025522 0
-9.97536898863073 8
-3.3263854743274823 6
-6.600535036459356 10
0.41838619449222136 6
2.2666475138009936 1
-1.3676578157655843 3
-2.433861221207434 8
-6.035327268287125 6
6.455360832024759 4
-2.857870704613279 3
-2.97951495068318 6
-7.778239688624247 8
-2.8260375669528504 6
9.57339819618769 6
1.452914374086916 3
-5.232741354949422 1
-1.334378443279995 10
-2.6177671349354696 3
-5.354294872569767 8
9.290073029975943 10
-3.052778390952618 8
-8.091476372417972 1
-3.1110640562678 0
-2.042248303410701 6
1.943059459394334 4
-4.1621455682379 5
2.137313120811026 6
-3.6517636510298495 1
4.625832375635522 8
-0.12518909280931823 0
-6.202558173373354 5
5.423711662539521 6
-5.285049669067623 2
4.785118165318718 3
6.934254771499514 3
-6.210322468970451 9
9.593143751451297 6
-9.788585184605747 4
7.02024690035778 1
2.5403495494924133 5
-4.96151591043291 4
3.986054552098908 0
8.586241422104134 10
9.485949449740179 0
4.572859239534212 0
6.569578952671577 7
-5.352499956931975 5
3.060024767134731 5
-6.4713820759074085 10
-2.567889028701824 1
4.290304431170881 10
-2.1149546781454553 3
-6.271119047399951 5
3.318753759283716 4
-8.513124341647158 2
-3.8601977424641394 3
2.341115552296557 6
7.900065923839019 5
0.6970136579053037 8
3.2488307201663087 7
-9.738983821074154 1
-3.3437914039744037 8
0.8626221454829661 0
-4.147934941121408 5
6.277094803524459 1
-5.299235648725313 5
3.1490682236038285 7
-1.1111060779717779 2
5.993452809893537 1
3.0637250256948327 0
-5.54775635740115 9
2.679217269223992 1
3.455330780316343 5
-3.1482321398955637 8
-2.5316485292015756 6
7.851230510231307 10
1.6837580723923011 2
1.756777477259071 4
-9.30307041097862 9
-9.514904131754472 2
-4.263500627008603 6
5.302931489208351 10
4.073519286474097 3
2.5654430309136504 3
9.950517141932721 7
3.89932841726354 2
-9.093849841815649 3
0.29448305307758105 7
-1.2642324579132307 3
-7.139453449668858 3
-4.169835385006406 7
-7.1692468078453135 6
3.7823392680430086 8
9.178218826685104 9
4.661185377732771 1
-1.9303520911162728 9
-0.946289292975429 2
-2.6966043192315636 5
1.2381903884602519 0
-5.701284907460611 4
1.222769109754637 5
5.600849156175174 7
0.1416755779059482 7
-4.510751075127713 10
-7.150727834072031 5
-3.6271438898799824 8
0.050558232769708056 8
8.957310286676911 7
3.6086916084196936 7
-7.573241883111395 1
-3.310538170366981 6
7.1636826837247085 9
6.312271118265031 0
0.18556001625882068 5
3.2611138581750883 6
2.1682064549444 7
-3.175028882164903 0
0.9269157119532672 9
9.231156322037112 6
-7.930209866584034 1
-2.818868937541918 7
7.205941005955225 1
4.530609161208467 1
7.199751014080871 7
5.949549214058793 8
9.140839701887518 7
-9.598747980428472 5
9.478645235055968 7
0.120415009053632 9
-9.557441456223073 9
-9.576417934660702 5
6.332827955007435 2
6.946533078828601 5
7.793848083332946 9
-3.602037527541957 4
0.08104098772899349 2
6.755835801364334 7
-5.580305289772173 6
-5.708648385648778 6
-2.274449440976582 9
5.311786762405395 4
-4.6284612985197615 4
3.2638185583123747 0
6.963543055927477 7
-4.433814864229156 2
-6.503366122240742 8
-6.9619029311633 3
-4.20718926483903 0
0.8033420783342056 2
-2.6692090329321383 3
0.2200363202541915 8
8.019666849689745 2
0.12955289399915237 7
5.162676315841633 1
0.37688716114967136 9
6.740679600500119 1
-7.858871413861919 10
-3.1647232560702676 6
0.32901656565794113 9
-8.843368457933822 2
-9.916622559070012 8
-3.657589769224532 2
-6.499369873792887 3
3.246190484158424 7
-1.0726278274756336 4
-2.7102327686435874 3
-9.446430594267603 9
-2.849942525941076 0
6.7449565826672 8
2.1854671688514653 6
-9.691159467506692 8
-5.997707690337 7
0.8349762973386294 2
-5.141434565721463 5
-0.7429873876539101 10
-5.989281497752879 0
-7.8926091446211855 3
-5.543007118345309 10
-6.879254388551159 5
-3.8532120906738694 1
8.201564430862078 1
-9.886413118548376 4
5.853678490964667 0
-3.787100113074919 1
-4.8657546265404665 6
6.87492055814452 0
7.655988958157678 7
-3.4539601522286434 0
2.80732889159032 0
3.9648985744656766 3
6.568123768636191 7
8.549316915124308 5
-3.5800705045226895 10
5.262114106887408 2
-1.746431972181723 7
-9.575635682180504 2
6.561998358197499 10
-9.378395026914866 2
-6.406553305258679 1
4.639980152216005 6
2.854477261468995 6
-2.8675931459987876 6
0.9140790650073001 2
1.482093332864654 8
7.888031797849234 6
-1.6291306263907472 2
5.209340176797843 8
2.932163142880297 5
-7.7359890545923875 7
9.573934045762964 0
-4.025111696482549 3
3.1198222391480375 7
-0.002002299229911131 5
-8.843200314737814 0
4.459031649741945 6
-9.732517675534151 10
9.753858566622078 8
-6.683386665152325 3
5.77582899471982 4
6.338185208185273 2
5.973865933581791 2
6.36317352461678 5
5.82844539250932 0
7.066403734674445 0
-5.100469381780128 7
-1.512425716863623 4
-0.6296698459872747 9
4.750740785824121 8
3.755566628034753 10
9.247312829970436 10
0.29302736243519867 10
-9.836276341488938 1
1.5360332321278687 2
-6.3042925437231485 5
-8.681695807265914 7
8.063460497607245 0
4.777554064458796 4
-0.6827459748974185 5
-5.515954236734961 6
-2.9931393491180387 1
-8.205479331311427 0
-2.1241759566707152 1
-6.1058717995832446 5
-7.47426265481444 3
-1.7262737309603224 9
6.091075110382995 9
5.929922608942315 10
-7.318448857698623 9
6.7354739393134295 3
6.680811382025858 1
0.5680124420268413 1
2.1058651475648347 1
-8.761644767185865 9
2.3001086039437784 0
2.484441510662485 10
7.449961204060848 9
6.627028885852489 1
-5.604823753180401 5
2.7952499627874783 3
-9.87375102161522 5
-9.4989618499745 4
1.7581306580735294 5
-8.851863234221131 1
4.5308676791019735 9
-9.107239189381058 9
-1.9478015765009982 7
-3.0746296832636144 1
-3.751473125930622 8
-0.8282195630342777 4
-9.697921483307958 0
5.6245044768638515 8
9.019667668141967 5
-7.599480575098836 4
-8.873608549892381 2
0.15599750404410528 0
3.331585668364429 1
-0.9658198738646426 3
-1.9025048531518571 6
8.345804421562768 4
8.736393910117556 3
0.8564865844649354 2
-1.0732430110264843 3
-6.3867077551216545 7
0.31900436385614306 0
-6.774163611427017 3
-6.285265367941619 10
3.5616436633603428 10
-5.992378310987972 6
9.799296231475719 9
5.347140978304486 10
1.8921516681711665 9
3.9451643660524045 7
-6.820721128109608 1
-8.442015594983998 0
-3.5466591152776905 0
-2.636003784567473 3
3.8393097269658796 1
-1.6022098025430012 6
-6.83268716844961 7
-8.195589719088687 6
0.2719185279555525 1
9.867249361355096 9
1.228574153255554 8
1.6427375093273717 5
-0.2215859449335973 6
4.319763635246092 4
0.9522766406163168 8
-0.30528977177673333 8
-2.9685602669614575 8
-3.4238055203265594 0
6.482400310615851 1
9.576075825403308 7
5.3631541310600905 4
4.017530391120712 3
-5.579017464192737 6
0.015259996267085185 10
9.272930409982436 4
-8.403506329130284 1
-7.453564401065053 6
-3.4773269724125395 6
-1.2445815018731388 2
-9.663217678471412 5
-2.3972135464689126 2
-0.004055717610318865 0
-9.215201114576136 6
-9.791020691117405 5
7.459799422637001 10
3.7543676141919278 1
-8.318472913157745 7
6.838177585096112 0
-4.97084696392016 0
9.506705414719793 4
7.442291057011246 4
3.5419218595264734 4
7.374085692632896 6
0.7372690713360761 6
-2.031696107279264 0
-6.589420399408272 0
5.267763402223451 5
9.402896996946144 6
5.909727757229602 4
3.8096713541434077 9
-5.817992085171763 8
6.546400411067662 10
2.6559434368170862 5
-8.69307864636607 2
-3.541350297663966 8
1.8404973468766777 5
4.544023873928014 4
3.156920353958565 2
-2.887550123968432 4
9.738411741521489 4
5.97508863608223 8
-8.19923420225724 7
5.553979141847375 2
-8.07392188389172 2
-3.98113245611394 1
-0.290973020625378 4
8.288150917436276 8
-6.5358140246788015 6
-4.644405525800117 9
-2.2852829951652476 4
-3.783959568072106 10
-9.544345378031364 4
4.935762745589683 10
-6.9217974724981985 10
-9.331942176837023 10
8.244216559778401 7
0.1319862556971163 2
6.20487862887305 7
-3.650807890624888 2
1.0953591243393408 9
-5.296149953651373 10
0.743283984411697 3
6.168392375364185 2
-4.497291965532972 4
5.51736257430681 8
5.547190675036745 6
-3.578351547522722 1
9.040501096736222 6
-1.928759104792979 7
-1.2527441848901546 5
1.9949997934772767 6
-0.08889965464175908 4
8.269606549701773 2
3.1510209690248807 9
-4.489332826534536 7
8.16448012137673 5
8.635601899867773 9
-6.329982604638165 4
3.1414761262853563 5
3.952273106944231 0
-0.4376841415388917 2
6.569901047713863 7
9.031854709276665 2
-8.847547518775018 3
8.355578646577339 6
8.840114931012419 7
-5.810214048311404 3
-7.361149729263332 10
-5.078796150031861 9
3.58004496133824 6
7.1338243362137135 4
4.786822730348334 4
-3.8979763815569175 4
-3.197739766640222 3
-2.059510640577691 4
-1.8712465867903951 2
-1.7023929090728007 1
-9.472426023248326 4
-4.869285590873307 4
-9.475298042330998 0
-7.737392928297389 7
5.931129926191925 1
9.56779644684659 3
5.813539287386973 1
3.2154647075981444 3
8.595236672241175 4
-4.609086624048972 1
-8.521191636428007 3
-1.0692137817042209 9
-0.24126844861327257 8
-7.235522678820033 5
-8.617219600613975 8
-1.4500102453259984 9
-2.2024901675571273 5
-4.066874373395802 10
2.610439002463643 2
7.5915008132329405 2
-7.296401839763204 10
-3.491347490782843 4
9.799110778299259 6
-8.239855415669844 0
6.216134155393686 5
-4.004982432593267 5
-9.757102459243272 3
0.6765702885078255 9
1.8302012708890292 9
-1.6825204634617386 2
0.9341802819421456 8
1.1807391088554198 4
-2.1455123064473174 4
-2.8169371019613765 0
-7.2196741275791965 4
5.7508658590013635 0
6.682066518593327 10
3.127152779726881 8
0.5775179137458402 9
-5.012507740835652 5
-1.7597760140887466 6
-3.0168615452014365 8
4.264727291063499 9
-4.502137884769906 7
9.816874904497336 9
-6.271455486123994 7
7.651417296544107 4
-8.681826097651193 2
-1.3155100279968721 10
-6.456420500430453 10
8.952572428153108 5
2.7324382620822725 8
-7.6117659765572565 3
6.997935112403702 4
4.73275667931018 10
2.826154505837085 6
8.959814562677742 8
4.326730019297585 1
0.15305635027496223 1
-3.9502131884925547 10
-4.747318920749892 8
-7.175621361671447 9
-0.9081782474357869 4
9.377288321043679 6
-2.448772304559908 2
1.0184973149753773 6
2.61086008633697 2
-7.989929085662997 3
-6.282341689802418 7
-7.093636597756374 0
-5.686841971536339 7
6.740034238726974 6
9.621643828038927 2
-0.47143082830108085 5
5.046022979180282 2
6.3248749166319165 3
0.2686064119195404 6
-4.441479603117495 9
4.373066886321466 3
7.7340866101307135 0
-9.691648317602128 3
2.4924247504382 2
3.5581127035806226 5
0.397959567212645 9
-2.336562565300822 10
-9.15681758646423 6
-9.576394723541366 4
-1.1118825777161163 7
-4.831772808515469 3
0.950011485402765 10
3.717617505975719 10
1.5832206546662277 0
3.033107361342715 3
-3.752417224071296 7
-1.259447218805409 4
8.349700579582993 0
-0.3772001955540816 5
9.35171742411121 9
-4.422659975949608 6
-7.5314097861058515 8
9.821659981033068 3
-1.9753509150383053 10
-5.103480916218926 9
-6.34210000534734 9
1.7192565114539615 8
-3.606290857012535 1
3.7872665718723635 7
8.714684123581431 4
-7.440118734908115 4
-9.706699157766025 3
-3.6403638358970696 0
9.329161357238249 4
3.4383504838358476 7
-5.720507721690666 4
0.11188815332448598 3
-9.50094980705359 5
1.5085254532001802 6
4.867686366107877 6
4.75258406096019 3
0.3596212348406791 0
8.247689541278124 4
-1.7645944588188893 0
6.868256609298548 3
-3.6612698883615398 4
-4.614842348725839 1
-3.450097659788918 7
-9.036299377727833 10
-2.510464545908187 9
-4.162610558611863 10
7.64252522290268 2
3.8459188532862 0
-0.5535359043404302 4
7.276923436653341 8
4.226991455532492 0
-6.3429377252366965 3
6.323369163626495 8
-4.034485023917886 2
8.362231405430645 1
-6.318186590466488 7
6.659060790529118 6
-5.679939641114102 2
5.565520899663522 4
0.7127221364443912 5
-2.8639335296126545 4
7.6653391580408865 1
-4.5128607416412425 4
-3.222316811091712 0
7.250933561476877 3
0.40605209210681004 3
9.51456510646685 6
2.264239196500588 7
-3.155383010532007 6
-1.2786864969295308 1
-6.725551990046528 9
4.071385674359933 9
-7.311464336455216 9
-6.76967843185333 10
0.2510242798820528 7
-0.6413200030582757 8
1.4541669593683988 10
-2.0760484078504104 2
7.441610908706082 3
-4.40412794861418 8
5.039701688266652 2
-4.313465001506403 7
7.397629839507026 6
-7.009154858448346 4
-1.8947031138520884 9
1.8900598327762346 0
7.508445264835075 4
-7.534102054972518 0
-3.808870450421429 5
4.941710543315104 4
-0.7706278267083739 3
2.4782296681746967 5
9.775574138780428 5
-7.053350274514063 7
-1.1699566880288632 9
6.626356508779299 3
-2.330813959662388 7
-7.3706856094932665 1
-6.614083787976859 10
8.663648193330644 4
5.808521799152091 6
3.9953920015238538 2
0.31654831493917257 9
-5.3237545654130525 6
-3.907084687579987 3
-0.5540465478523373 9
1.1737289578135943 7
-7.673963314840025 7
-6.082965333691737 5
2.5486474678577657 4
-0.5794902700906146 1
0.8826145307965767 3
-0.5659855217395169 9
-7.643429950481937 10
-1.6409158275150144 4
-6.567701183527461 2
-9.588367538154943 5
-0.24108480645021402 5
-2.4578240199830503 2
-2.5369751475792723 6
4.235347668413041 3
-9.01828871011761 0
-9.825421576529651 5
-0.2728287378076715 3
-7.65914176311923 10
-3.706434695102139 3
6.296339572032888 4
5.106401645421316 6
3.4067681062387773 4
-4.944071914029977 9
-6.8730639484840195 1
-6.969900688592143 5
2.8959826945663565 9
6.292578522184314 4
-8.802143357411897 3
-9.739655229809532 5
4.211973707459135 5
1.5094344806716045 1
-0.6669642433988194 10
-6.441556261596597 2
9.74095595673641 9
-0.7124845794878141 5
-2.4883856895556207 0
0.9740177451043515 8
-0.3844132113108891 4
7.411488673894148 8
2.5719454741605716 0
9.881062161884238 6
2.6300354011088203 2
-3.9057366106009255 10
2.701054595627582 9
3.8484435235573695 8
-2.6025986926370432 3
1.3069955878681156 3
-8.949871331758334 3
9.10912821460839 2
-9.263912396291225 2
4.822518967101841 5
-7.715844610011169 2
-5.434250934588663 6
0.3813383057602149 7
9.510646148208075 4
-3.9164165567199927 8
-3.423479705871026 3
0.04625608719775087 7
-3.362796090863382 8
-6.470579555958873 7
-1.0763176494909104 6
6.455161223751624 6
-4.866869033278583 0
-1.7115931977566454 1
8.246098707808926 6
3.7057699962699537 7
-6.896615236192973 3
8.760948631107858 7
7.140292836630408 3
-3.2152302875726786 5
-0.4435256999067825 3
-9.142769986304993 10
-1.3632475429796997 9
-9.200165387088967 6
-3.4346832909827523 8
2.76436374758479 3
3.8033265564726833 2
-5.845853566016526 6
7.404581238652245 0
-0.4597759082433299 3
4.118662128939505 1
7.184139393819734 7
-5.348937886983065 5
5.227837670382014 7
-5.669682482159044 6
3.5863737888346527 0
4.590306361769315 1
-3.600952529553929 1
8.363538992571971 8
2.9247810300795756 9
-5.852890863999571 0
2.814001484400279 0
6.883130721030263 6
1.460731906805945 0
-7.7331396209417935 6
-3.229250460435635 4
-4.834898560573661 1
7.754252661311263 0
3.4105364364636053 2
5.054302560509285 7
2.577163857652117 7
0.21341190770938923 8
7.1977559676148 1
6.265530247714587 8
-4.180467874540805 8
-2.0057916562768607 3
2.5438474855974427 6
6.774841652817301 6
-1.979879465562961 5
-2.2948951338897583 2
-1.9355023683077732 4
8.352577077890825 3
2.3981520905034373 3
1.5378890953657347 6
-3.6014353230732032 1
5.444770161400259 5
-0.25527625038232316 0
-9.081503646900924 8
3.3144630080227593 2
3.833362034388813 1
8.961668465676347 7
0.5077998798990109 8
5.721517645963775 4
9.357346356175931 0
-1.5232439012635979 1
-3.0789763633413036 7
0.9860260224722754 10
-4.631521435429717 9
4.683270239107189 6
-5.637563107350423 7
-8.643031440844025 8
4.400981688608027 0
-8.6795456717046 9
-9.75574777918264 4
3.6837998277358395 1
2.914139591338685 7
-8.712538067146385 9
-5.5906389880000855 10
1.7673469450210817 10
5.058549534966534 9
-3.8917737666055956 4
6.007769255412395 1
-3.876878946698903 10
-7.298341362943774 1
2.1140582488656925 7
8.594091165770088 5
-6.447804681101523 0
8.70883430395292 8
2.15273874776452 9
4.7978172708893485 8
-8.278496416042502 3
6.68725847828113 1
-0.15149215237906333 8
-8.502444826244053 4
7.296305824764303 10
-0.36137858211161955 6
-2.0457401570125473 9
-8.01040679704676 9
-4.871074898454795 9
9.981670441317505 8
-2.3064676083875586 4
8.138431392310693 3
0.423937141789537 4
-2.578697689088038 7
-9.28232921573537 5
-1.3170785253488475 10
5.394182980855591 4
3.5874926383441963 8
-8.589904555072 0
3.0759418921422004 8
-9.070923860251611 1
-4.271855819729156 6
-4.0583617844762205 3
-0.2089121077043199 2
2.0384383596628926 5
-8.240118016966393 7
-2.0712636574022554 9
-6.527175832352912 5
-1.4837119385040012 9
5.563719617410998 9
-1.6947469804687927 7
0.2520407246772436 6
-4.948714334907615 3
7.414190313971247 4
-9.090713846530196 6
-2.8737337925318007 8
1.4102523972930676 7
-2.316641153733718 1
4.280740730146448 4
-0.46548669404819343 5
-9.347835354529302 9
-5.973840628019693 7
-0.3005448001613864 3
1.0594093216949005 6
1.3393748787412854 1
-4.127194743736755 0
9.187973230804431 9
6.529626214042235 2
-2.4799662800520466 0
-5.145771946440605 3
-7.9701668869167985 1
-2.8758203985000215 1
8.869078465134265 5
-0.7885717849070701 3
-2.2141148999046383 2
2.228212463815 9
-5.845471726193951 7
0.16739791391259473 4
-2.0956044253356136 9
8.71694915456419 0
-5.598901631823276 10
-8.056584746438576 1
5.066156486366246 3
6.101205408764091 10
-1.028476778293319 0
-4.736415054107681 1
-9.938033700437312 8
-7.436721846508878 1
4.010712091277291 7
4.902149565015883 8
-8.644256339220096 7
4.791491358925651 10
-1.079965479897151 3
-8.333500679379252 2
-5.342993429749967 6
-1.1057533051313317 7
-4.662978679774586 9
1.9510327040089077 0
2.6558277173772495 0
-3.697787366409848 10
5.687904928336442 7
8.343967661452577 6
6.75892034821565 6
-3.3946651156113212 0
-2.029333880916562 5
8.73188184939703 2
8.745298915237413 4
-8.363787728468996 10
5.3349020469222825 1
3.5970792294059812 8
-4.536242556902383 8
8.007647235951758 1
5.754721413075865 2
6.871134296246357 0
-0.12317370659949844 8
-5.1195476614753455 2
-5.483344874281492 5
-8.593291345478757 2
0.16523794462264974 0
-8.518811748779818 1
6.946443458930666 6
5.211701816072489 5
-0.4374775912464184 9
9.14938568476628 9
6.031000411847739 6
-2.284864196376775 3
5.092383289949158 8
4.800143789137907 8
3.410082381702427 9
1.5875444849768314 8
2.9268762060849944 5
-0.4117123352757641 6
-3.2753760201121533 4
2.9918252620521013 7
6.4671688831409995 7
0.1390353137525011 7
-3.8466004159146117 0
-6.98307476575093 9
-2.875561171478223 4
3.7550012805690827 5
-8.076968750862184 5
-1.2430035648080047 9
3.506656195678824 4
-5.365452828541645 3
-4.330401817623033 5
1.0237049381450376 7
-9.056149439798368 8
-4.474968198369651 2
3.242378431312803 8
7.751319588335477 10
9.840171463004882 2
-0.8226837694052502 3
8.686412382979373 4
-7.158395499278631 8
7.203349402800658 7
5.92129389324441 6
-6.6312425912783475 10
3.061379089312968 5
2.327533455863584 9
-4.071835654434097 10
-6.46201931259588 4
-3.014311150115205 0
6.418783819376969 4
-8.115352786083122 8
1.3233647893144695 10
2.0052268980451906 5
3.356360848612688 9
9.660737076984145 10
-7.654586003122448 5
5.582788821832384 9
9.196046809018355 9
-2.7186928589542863 6
5.938740150453626 10
7.748433981133335 4
9.717436448858937 6
-4.571295493015248 5
4.125867837841897 2
-3.3473528579487555 3
-4.058851503369736 3
-0.755652913169433 1
-7.756420323376028 1
-6.258411308126684 4
-4.959715229305084 0
6.347049545733295 7
-3.350887317349338 8
-3.3458454879962023 5
7.931588440018402 9
3.7504820069667524 1
9.683989965329648 4
-2.0808825727063907 5
0.04818909964627949 6
1.8589240224096564 9
-2.286978961564092 3
-9.796496128683472 7
1.3743376275778711 9
5.71620834007571 2
-1.0107882631516407 10
-9.899866248016671 5
6.687739810365578 2
2.591487276727369 0
-0.883141262357956 6
4.09951782338325 5
6.445495033957155 4
-1.4186738108908248 7
-5.6828075201440225 1
-2.066480769586409 10
1.399081883494011 7
7.502918974911424 0
7.181906350655016 1
-2.98521651180012 3
2.15026450569853 7
-6.524672641702738 0
-8.190833749739044 8
7.742249006712822 2
-1.482014948141403 5
4.928192238878262 4
9.205142089128064 8
6.989818203070747 5
-8.786823551841099 1
-2.6715929575722264 9
-2.7924332772405602 6
5.324874205661768 8
5.43406459477567 1
-3.38048680032891 1
7.048643713386994 6
-2.9045935719684834 0
2.6729557808401907 1
3.7438788239482417 5
-2.039186807975611 0
6.835745226851053 1
3.9316656280529845 10
8.491695215826837 3
7.784231747995143 0
-2.459822270366132 7
4.302143703890275 6
-4.9145167604988345 0
8.3996417167006 10
7.50160725687909 0
6.3668148832554365 2
-0.699829075529653 3
-3.3246670737942967 0
1.1638886294682358 4
7.396723980652336 2
-9.859961636889745 1
5.85135012114781 0
-8.529678181582646 7
7.818859170786055 0
-9.063677673341012 8
-2.805248569520984 0
4.211860270384882 3
-2.023799904760608 9
-5.036062177774592 3
-9.284362958131897 3
6.9887700755647515 0
-1.9865434059189404 10
9.935860879067956 9
8.940441460891421 8
-9.779649149152638 8
5.80345161946358 10
2.788735618390133 4
-6.427458534966178 0
-4.888962564073953 7
1.4473394743435577 4
-9.603971433655229 0
1.9957365795823616 6
-5.100129121157488 8
8.133741021516347 4
-2.664177901866087 8
-0.2352834302800737 5
-2.2026215962712232 1
-3.935593698561335 9
8.339210992351074 0
1.6241018591189977 0
-2.372431940243775 10
6.955834058170712 5
5.080402875946877 6
4.219447944059429 6
5.361910935059086 1
6.145984756860173 0
9.827149358152447 7
-7.418163479094235 1
0.12893677779199564 10
7.810941241248987 6
0.8598628366340506 0
-9.080767933119699 10
2.713084453319137 0
-1.0050891029524944 3
-0.15490603857537089 4
0.15393647005992328 0
4.7104151098841545 9
0.12814109355260683 7
-8.142165000164919 4
9.142178636266497 0
-5.293423362509397 3
-9.734964871923754 3
6.13133313802323 8
-7.478156927025368 3
-6.023140163652845 6
5.945734291473464 5
5.67497622300281 3
-6.346035833121164 8
-1.127527988897194 8
6.638805896305254 5
-0.11173573300803596 10
-0.20449637792528996 6
4.017029355963352 10
-8.581682843763597 7
0.2014686856025527 0
-0.06690166318531254 10
-9.465685796604316 10
7.13829463750389 8
-6.008686718066096 5
-9.045966808773793 7
3.313405605440785 3
-2.0226981667644806 7
-5.702113993662046 5
-5.935841436358682 6
-6.112133535162741 6
-1.9838729293421071 6
6.657364611203025 7
-0.3016060985658058 1
-9.742523670045047 5
4.382927793381226 5
3.9309511445075884 9
3.793391066206169 10
2.6592754096500304 8
-3.331144314095617 5
9.441834292892597 5
-8.047273401299943 3
4.476032056530483 1
3.707183250187235 0
5.368642181704924 2
2.3907808041239953 10
6.514516921988882 7
0.6352926847969655 4
-0.06425049710765052 2
7.5287851065907 10
4.974118830720627 7
0.16652777037835165 6
-7.709734686605678 10
-6.647899045225795 7
2.044112770082604 9
4.282660451140126 6
9.402966350064375 5
8.559009419744843 6
0.4593846385235736 1
-1.613333381372854 1
9.977153615022512 4
0.5233445003457664 0
-6.283481597974414 6
-7.557119786362698 4
3.3009671247052257 0
-6.684809194365515 8
-7.467670479536062 5
7.009690913771301 6
-7.063475145832607 7
-1.7996459388490127 2
-9.891475176455998 5
-5.800658503404012 3
-2.109907736061607 3
4.156268954495573 10
8.971296716351794 8
-3.82293528682135 9
3.512289172423868 5
4.921773634756988 7
-3.0145269306525684 3
5.941837590891389 10
-2.433954334005273 0
-9.976688215937948 10
-7.796597312496916 7
-8.341592987132795 10
4.505968140513 9
6.202637644058775 5
1.2697744712502956 6
4.453127216793874 1
5.553082393693122 2
9.91082591554352 4
3.92778160006813 4
-8.469091345181587 10
1.8378857056285742 8
2.366568116189134 9
-9.507081029713731 9
0.8796845718473971 0
-7.510281572655235 1
9.81430311494102 9
-4.674380745204651 10
6.493059186510866 3
-0.21339840252126585 0
0.29516646463621754 4
-0.48107189078951507 0
-2.4285197998530332 8
7.645512958873844 3
-6.288909442676931 3
-2.5445201944222777 3
-1.666250685575207 6
-9.068081099226566 2
1.4769442086573115 2
-2.593584720319564 8
5.7630331687209235 7
4.970623705285778 0
-2.0751790897422246 3
2.4697458369790777 6
-4.500312958818975 4
0.5737090448690907 10
4.142753839963728 10
1.1690375333216423 4
-1.2450482669368679 5
4.432380113317899 5
9.208196437591983 5
7.0266465922400165 4
9.538143265207069 3
-4.580562702393662 10
3.6244770323244406 8
2.629448041100364 10
1.4915568667714858 0
-1.1192720882566558 10
1.7208982335074765 5
-3.7485920307991893 5
-9.434009311832112 6
7.733007657942295 3
4.571943626009853 2
1.6355044080801768 3
5.857923415413168 8
-4.283497471306282 0
3.404521216594196 5
-8.709881641362934 0
-7.21568256348476 7
8.203570421682379 5
6.039333087200301 6
-7.279024889908754 3
-7.206484829225528 4
-0.6404478949802126 3
-0.19268419884927113 6
-2.959535602016869 10
6.039563013657027 3
-8.266684230761001 5
5.965176298863357 2
0.3536947940544781 7
4.148047150902414 0
-9.836069625326111 3
0.8236550007840862 5
-0.7065073648944509 10
-7.660341379079125 8
-6.552488813362844 0
-8.793571331976885 3
5.133300073545854 9
3.733260506001095 10
-7.052000503083322 8
9.39576041396231 4
2.5412360380069376 8
1.265263947799527 1
-1.9265116861730185 4
1.8534380418571672 8
4.828369122320144 0
5.617976218996512 10
-1.3117808769270756 7
4.469695999304125 5
-8.569552258468303 8
4.226946118496727 1
7.526745988970866 4
-1.6706541273823454 3
5.3683072597276364 3
8.786464123901318 6
4.982637488601512 1
1.1864218655334806 10
2.732896358036573 4
6.484371344622353 1
-2.89730172484592 3
-1.1256728679254362 0
8.143040080865585 8
-6.650411641164862 4
4.188284826831165 0
2.379711901658821 1
6.402188064499551 7
0.7857221026183137 8
-5.7122658322517434 3
8.229966250281674 6
8.063682189295143 5
-6.522625950840448 3
3.731768342980077 2
-6.607680879844406 10
8.96620912588607 10
-8.543286507833121 1
-0.4202365916411779 8
-6.836138218993131 0
9.859803072247203 2
7.219342557262991 2
8.433826030674062 9
9.708640330111546 9
-5.791375872492717 9
-8.183874560262655 3
5.19020187672864 10
-6.986000497962657 6
-8.102720155460572 4
-7.752992567265629 2
-0.7734637618843188 9
9.54744900270953 3
2.2985107326364265 9
-8.632461723762603 0
7.727146171936781 1
3.466125329842992 9
9.291249575410202 5
-0.5380529959105473 6
6.204896247451451 7
3.0278280480869526 9
1.007277213828612 4
-0.6472174026920783 3
-2.72509461060241 2
6.977831618824148 0
9.90061553933377 9
5.580621775054821 0
-4.007982560895629 0
2.5928722679958653 8
3.3580986521022993 9
9.727959536026411 7
-8.941680074512268 8
-9.513404730221524 1
-2.594952647613173 7
6.825101930224097 7
3.672071670505346 4
9.298229972300039 2
2.714391100065532 2
5.192112188343538 8
-3.6063506278580064 0
0.4585330218131016 5
7.6934766502743415 0
-4.232988388201216 6
4.218565219828459 3
-1.0821871008042905 8
7.05103969972301 1
-3.1766058042309204 4
-8.926377224498761 7
6.930713053401515 9
1.7464829336410368 0
6.999993254035314 5
5.6891448835958425 5
6.01793065533926 5
-2.185767904502864 9
-3.2190652506859223 2
2.363584658956107 10
3.0234894359616415 0
7.600771381171526 10
0.9069990102011065 0
5.19256689547246 10
-4.854957336063858 10
4.736407027014451 8
-2.64571411588083 6
2.0010539033233563 1
9.023084422510973 7
4.946500847559729 3
1.6695526496087538 3
5.772638663393268 4
2.4548691079247824 3
-4.368325056886797 0
-4.690641250537779 3
1.5683506025187377 0
-2.950126733909027 8
-2.797224325175101 7
-2.8641227278439008 1
-5.515581622977974 6
7.440478091564813 3
0.8033056557649907 6
-5.641295605080343 1
6.080342116595638 7
4.256042079773874 3
4.026198877665051 8
0.11445630263118467 0
1.7384929635436208 1
3.1617887916947396 0
-7.885677977805782 6
-4.444094714867877 8
-6.620787101052194 10
-9.976827825828774 2
-5.817773864151254 0
2.9036407411989558 5
0.8638986643830115 2
-2.1113407912903366 0
-7.307514143593239 9
0.849590431754967 4
3.823061230376446 8
5.254103857034549 7
6.88037545821733 8
3.8335905742702874 6
-7.179733543241909 3
-8.534747633278716 6
-9.116528331205824 10
5.499204518704142 9
-1.5374447183837567 7
1.8040588866929959 4
7.488510184643172 10
-0.9306706876594859 4
-0.21228720759676456 8
7.345202457679655 3
