1834
2.8969324890947856 2
-2.7288058509567765 0
1.082427448352103 1
6.220181777132396 1
8.951006122605381 4
-3.9557294164684187 6
-8.260672509290934 10
-9.74928583892197 6
1.4135573469798324 10
9.20505043884311 3
2.0160161668347687 10
-6.124199229306342 2
3.3946111445544034 0
-8.144501467888116 10
5.3586681932379605 2
1.43145195315644 1
-4.3660897883986305 2
3.5734870072704457 1
-4.881215462735966 3
9.104181868839405 0
4.7192033657162735 0
-3.6859489345876124 4
0.6799720087675851 10
-4.909244147025098 5
-6.256284006602105 3
-9.966281005743795 0
7.249339728570892 5
0.9374857921431854 1
-3.108594524437434 8
-8.153601719191672 6
5.539936317671653 5
-7.948284249727042 6
-6.275328466431203 9
0.4608732790071617 2
-4.493270777286938 6
-2.1026582158691287 6
7.947854088564959 1
3.7605619534888604 0
-0.28352528344012917 4
-6.167706274758807 6
9.793826939597135 2
-0.46676046102447444 3
9.03483052030058 0
4.886600781120203 2
4.379089962894051 2
-5.779917406701567 9
6.494816215621011 2
4.586997312864401 9
-3.003482801678561 2
6.112850734571598 1
-5.585121943813814 5
1.057755860393911 0
5.47295280018475 10
1.1629748361772805 3
2.235495646928687 9
-4.861752031942137 9
-1.8494702593450043 7
-7.537463926325769 8
2.8650264068283313 3
-2.754955013110445 1
-0.8983608843119288 10
-8.5337415811009 10
7.111713984723078 9
6.805316076606548 2
-6.086271835346338 0
4.146385663340595 8
-2.930936688200898 1
-8.62653054952198 8
5.61057115733367 5
-8.54543238383718 2
7.244091678372072 8
-8.09941617854927 5
5.628062055764548 5
-3.4405786066254667 4
2.7394832540632983 7
5.054844472143893 5
4.20153985476038 4
6.542519937890535 9
-6.841661517957547 6
4.724339792538235 1
-0.26689447345691875 1
6.081276990176107 5
4.758705593348754 4
6.844077995198617 9
6.469077883271236 8
-7.166259001526147 7
4.261819437730505 8
3.130797824990692 3
7.539002345469239 4
-8.359144862454439 2
-6.500604072946185 4
6.006896729766357 10
6.550454267473384 2
8.330560383428402 0
0.7720423345313527 10
-2.4069870047948694 1
3.203008920094634 5
-1.0501486980092665 3
-8.530156414284571 6
-0.8013952448386945 10
-3.216561099667925 7
5.331394746494551 0
8.237648165178776 7
-8.058671522550373 1
9.791752599926873 4
9.07518793351452 8
-5.837166203033788 1
7.894175844151945 0
-6.3626797725981525 2
-4.08391006613903 0
4.872265758590872 5
-2.588790137796691 7
-6.445961400124691 5
7.018287474289274 7
9.349996734883153 3
7.9127032699212165 2
-9.3552835772471 0
5.865626301712133 1
-8.498914800005634 9
3.3599386120661627 0
9.64980969214048 3
-2.607933930684629 4
-7.4452646495846375 0
-7.5088366542030105 6
-1.741350187195902 10
-2.933396884785493 10
2.102174570359283 7
7.876335837666687 1
7.199304647200183 2
-3.2979094428516964 9
-5.598349510558038 9
3.4879088362300603 4
-3.9149335704865234 8
-2.0617029389330384 3
-7.531891941514594 8
-8.338384477684501 0
-0.6728019969187429 9
-6.7290048590546325 7
4.216032641955707 6
-0.734949783119287 5
8.793781980361427 3
-5.231017295589291 8
7.08015552246755 1
7.8588324832679 6
-1.2776670595244095 8
7.152200747004606 7
1.2061294840439558 2
-6.64051279592373 5
6.482522047681911 4
-2.7930750025146374 8
-1.3482455192385139 6
-2.6843957309632476 3
6.515460363416654 7
-6.944712490399985 9
1.1476257490683714 9
-1.1843273305190554 7
-8.728720183487349 1
7.408078860341703 7
2.645520139943569 6
-1.2570351793680423 9
6.348596658477547 9
-1.0565659149706903 2
0.7275180919289159 0
6.122163560808019 6
1.5489459202901728 7
-6.18259798268493 9
3.61053591427077 1
1.3238743739041965 0
5.4440570917535815 5
7.58221337267727 6
-2.4877559653442187 2
1.6729854476349573 0
1.99989392913559 5
0.8071986214456963 9
1.2498885196526857 0
-0.11167508039911311 5
-3.3155610901380106 1
5.447247384360658 7
8.919013420458061 4
-5.843222574749738 10
4.174579835279907 6
-7.45117853949123 7
4.203674017924257 5
5.160236298615313 9
2.7558961762717544 3
-9.63638867839789 3
8.03901830871579 0
1.8723808044189738 7
4.139708045933645 7
-6.251734713081376 7
0.9279486739142957 0
-4.070571410857278 2
-9.074797493970163 8
1.8559112231131447 4
-9.455240172980044 9
1.7302319466219238 1
5.8964678385585145 9
-1.38584116546423 0
0.20038019632228554 10
3.1862422631844485 1
-9.850874952916547 10
8.020914348530987 3
-9.73022129555098 2
8.439418210421497 2
-3.231886593848639 9
-9.52997107438158 3
0.7710744698002898 1
3.918387675854106 6
0.9839505080427635 9
4.545268081105009 0
6.122800538494879 2
-7.495176780417294 0
3.569534542647954 7
6.217225100062812 6
-5.656930450105411 6
1.2864454072900156 3
0.7634783792322999 6
-4.259522889754981 6
3.173804083859144 6
-3.3730370000416148 5
8.070847886966355 3
2.6836440981001353 6
-1.1890385812050948 0
-3.9687618922812806 6
7.2693852720141585 8
-4.812402407392651 2
-6.063888086686083 9
0.7565471566235171 4
9.510851636097275 0
-1.7248565642629732 3
-8.434805266701764 3
8.226961461334156 2
-4.545738674692659 5
0.14400112418861255 6
-8.824016584618388 4
-0.36322023381707247 2
-4.556354674867329 6
9.312282999922285 0
9.226534757212534 7
-1.0781098692525166 2
1.8258601654085673 6
7.467039877625346 1
-5.855970019379013 2
-2.0901396344533136 8
8.130249505657986 4
-8.94014040786147 7
-8.033705736853003 3
0.891447660957212 5
-4.212442800345306 1
-7.267806224389108 10
1.9245435240402546 1
2.1572540705987358 4
-4.38898433239248 7
-2.1309125859633182 5
7.1787601208279455 8
-4.8243645884397885 1
-7.009578840786663 6
-7.1999462093666455 4
-3.2337361462160903 10
3.704694583229717 10
1.4511253944266311 8
7.872587075796659 7
-0.6535331718937663 8
3.8665689617238552 3
-9.986325085528966 9
7.969932885018789 5
-8.741081656990414 5
3.20760119135716 1
5.118472887975706 3
6.050420398215017 8
0.25776996785950956 2
-3.8981950952664928 4
-5.358635522002251 1
-0.7885546327599897 2
-1.4269947899100277 3
-4.253240231337645 1
-3.607128215856264 3
-5.469104941329097 7
-4.333456340862442 6
-0.33803806417148685 0
2.4696535014096543 7
-6.58110876056623 2
-1.8173421606243405 1
2.2874660200484715 0
3.0752006632227573 4
1.3695538987589053 5
-2.9496048919900497 8
-1.0973257089660855 0
0.6231705635459388 2
0.46377043854167077 6
-0.548553584360068 3
-6.513681188725277 5
0.15830346980305876 3
8.973283092756898 2
-5.0873812509679635 2
3.7664082260436853 4
7.990993182674689 6
5.860935300439307 10
-6.35040003985244 10
7.589124162756427 4
-0.9321607104578593 7
-8.50351134335472 3
1.5361665111293554 5
9.38788747473506 10
-2.8892800013984754 2
-9.576487292446759 9
-1.2252876339255465 9
-1.8636592485391468 4
-4.178630252671834 6
-0.306295228575145 2
7.0617075820145985 9
3.07842593004416 3
6.925114744648461 10
7.936879975391747 4
-3.719048359588715 9
9.621108321118147 10
-3.291455156613596 7
6.637242244049098 5
5.316901173211736 4
-3.917214737834282 4
-7.353310706634728 5
3.696275437294558 3
3.25931425924583 7
5.466136366880166 6
4.06139335913339 4
-3.5081834946722523 8
-8.032093934394196 8
-9.738192193716822 5
5.342369165400417 7
-7.145284786735884 3
4.920617900546311 5
5.821489099280946 9
8.046812943765374 7
5.985395853158558 6
-4.243769346564092 8
4.117633500187292 0
0.9003007447494671 2
2.3890295343121224 10
8.6250273704864 8
-8.981802434513433 4
6.830652289289969 3
3.9633679383129596 6
6.911991437842776 5
7.956851664058771 6
8.25992753159473 9
-5.754182209707297 2
-5.740929145568947 4
5.991754605919265 5
9.71044479193569 6
0.9054527595126736 0
-5.791916637527741 1
-2.985837590658562 2
-7.794406643141844 1
-1.5797024101901354 3
-1.317391080823306 6
-0.33894259868380416 3
6.636370879988565 6
3.437621201698157 1
5.035270697943712 7
-8.089041933342472 6
-9.742287055873192 4
0.6569656487065068 2
2.096647331853722 10
-3.6525342001713934 4
-1.1633368639884765 4
7.974128190032065 9
4.798641576961167 5
-7.6235170235659 0
0.6461373364604146 6
-8.37396727733104 1
6.122065283944014 1
-2.074795530567151 3
-2.6822876379626788 7
-9.61532954809033 1
7.559180931563933 3
4.477134227870355 1
-2.842080887410967 1
-7.619391455542002 8
-1.531557060317585 0
-1.8976017091459454 6
-5.223420077923853 1
-4.632988013860341 2
-8.504989377977257 6
2.531337999110816 3
5.973045189526744 2
9.2167492874284 1
-2.6852778912869457 6
-5.579367624630402 9
5.229252769998038 3
-2.0703586627922714 6
8.344552925884848 5
-4.952650474528893 10
1.4819569672752095 6
-0.14129785964112962 5
8.28897456355119 6
-2.4053205427337616 3
-5.428901295594157 9
7.164795020415696 4
4.3472424816936535 4
8.744237470988644 5
0.7431148841245694 2
-1.8742138173428913 4
-8.006982691546794 3
1.298245368579698 10
1.5289490761996376 5
-7.303967690162764 7
4.2623838423885285 5
7.005754515197506 6
-9.264889313600122 4
3.972816346456977 2
1.592198564606571 2
-1.0586978817941723 8
4.090134624209586 3
-4.970059338590758 0
7.3545782118182785 8
0.9166887939116375 0
3.7890956928778845 5
4.912781208175973 1
-5.678441610627267 2
0.10784363019702603 1
2.1386529828965077 2
-5.186311991702663 10
6.594216882262881 8
1.4503852233971521 0
-3.788674673401724 10
9.938443252614604 4
-0.6459438542386486 1
5.8682028378894024 8
7.827642646823584 3
6.519170854040446 1
7.5862488717675305 10
-9.040603500272255 4
-7.991556765238359 5
-3.2582623349849182 9
1.5145837250762355 1
-5.036195200366267 3
-6.043487716475515 5
-6.947195456616832 10
1.5105129042220984 10
7.086180490997133 6
6.0455993142660915 1
-6.13818000995666 3
0.923786747544602 7
0.014061237286567163 5
8.170058451974022 10
0.2418768248055727 7
3.9245072844631004 0
7.844931219838294 7
-5.625873827115355 5
7.717241896102461 9
7.18378133177351 10
-0.09680131382671497 2
-2.4680646906057513 6
4.1728340833679045 0
-0.06566637765252281 1
-7.56376305651723 9
-9.47274308732628 9
2.470232200625226 6
-2.891246110377576 2
1.4476412410587063 2
3.3690319342648536 0
-8.817289764623538 1
2.5328992050532015 10
4.565999807024275 4
8.651630465230912 8
7.795075972817344 9
-7.483084260124151 2
7.069248949173211 3
7.032733944076085 5
-8.400247854366016 1
-6.932532937117315 6
2.491525278209286 8
0.6262177233269401 4
7.987164871673787 10
-2.220359324492474 2
4.6855108924997175 9
-3.9858522307626876 0
-0.3990014053921005 2
-8.519375419906094 9
4.588411995194285 2
0.6440733525903468 4
4.627152408785204 0
8.905431068351835 8
-0.36657576627500177 3
6.149588180872357 1
9.262333433386448 9
0.7093449225331998 3
-8.550647753045881 0
-9.310477473379471 3
2.4388286334827 4
0.6821950250563873 5
-3.655583003398519 3
8.153302369971776 1
9.849090725057778 0
-4.917990309335205 7
6.329811033660555 4
-6.185666144740843 6
7.248016899447691 9
-8.18539188412297 5
-8.249396243597847 8
-1.32701128118984 10
4.40812512781803 9
5.808339405172806 8
4.452496142691398 2
-3.1294428973974364 1
3.6048489113116204 8
7.003087366587621 3
-4.036667333995099 5
6.251928856433771 10
-6.820427252751755 5
-1.8861705605002328 8
-6.981300910830219 1
-9.850795958689591 6
-3.1768850709844205 7
-1.8967756854608737 2
-3.018111425967138 8
8.199505721626462 8
4.863180608946029 9
1.5177175564909788 10
-4.458694019459548 3
8.738816556421593 6
4.516853963182728 3
-0.5285477098050535 10
-5.978114886409394 2
9.217712795372492 8
4.815058614098239 0
-8.1011255836264 6
-7.356870158358884 4
-5.967257809941861 8
-3.69006042337384 1
0.553380712179468 5
-9.139594649388076 0
-0.054426581789799755 3
-5.329738140633838 4
4.865818999697309 3
-1.805513398856304 8
5.3180277667288784 7
-9.918787527409503 10
8.205735661169964 2
-8.134215256051773 7
6.6621194012801155 3
5.7987835143615705 1
-5.189072196491273 3
-5.8860368192133095 9
5.719163053237935 7
8.345155826696374 1
-9.327811320070836 0
4.398271567147166 6
3.779444452115502 7
-9.951736763743078 5
-7.1567661472164845 2
3.625036209708913 3
-8.772976448922616 1
4.841207629443643 3
7.805203536212481 9
-2.698547388612109 4
0.9888733079426082 4
3.2029008243578936 5
-3.2359058954820625 3
8.04741776968497 10
8.7840320032406 8
3.0880694130511372 0
6.591492125194943 9
-9.741361169774247 6
-3.1313835858374306 2
8.637104536501447 0
-0.7206553767374366 2
1.6879072696806752 4
1.7598168057788843 4
-4.7907132142815705 10
-0.912850939968612 9
-7.5053966215448265 3
0.12664083531052306 1
-7.630462048122297 4
-3.9407608148115036 4
-1.1467198649784454 10
7.650462137040805 9
-8.851282427139646 6
-1.613920320839778 10
-7.149005744504899 0
6.850401734925683 4
2.5066164832963658 9
7.439429558788568 7
-7.692651234093764 0
9.864650858929366 4
9.574169247613803 3
-0.10135678722730646 8
-2.9592090908239648 7
-3.5295366737286527 8
-0.7987137461138456 5
-5.919234464240679 8
-1.5063080885842375 7
-9.947535110591662 0
-5.904064538668172 10
-4.053053284112589 9
-4.710252377141336 2
-7.547675098636947 0
5.707276712844971 10
4.884138003025667 7
3.268645806485699 0
4.614894941533194 2
4.4565540057544375 1
-7.070783244267402 9
1.0422759371416053 7
6.5824407247756795 5
-5.972323860629414 9
9.676608524871973 6
-4.215597905471499 10
-2.88359472555012 2
-4.9469766430806565 9
-3.670244335674832 3
-0.4620021437501407 6
6.029164715979917 0
3.0197112591288544 4
1.6593552891038819 7
3.5655208368935263 6
2.2460568716541474 2
-2.7613120509391926 7
5.362123251494486 0
-2.3123066160439016 7
2.297801694548536 5
6.65980440358533 4
-7.478630209400549 0
-2.6784038557858487 8
-4.129970956065822 8
-0.6920709131675924 2
7.7809089492054575 10
3.741054234614081 9
6.014883589392806 3
-6.1182927789587405 1
-6.307286398868694 3
-5.039668030959195 6
-0.4902227802958876 8
-7.304266456713055 5
-1.5081458710508873 6
4.697942696401867 5
5.614153052611959 5
-4.920546733531765 6
8.22649131027611 3
-2.2576400086924835 4
4.836014028397857 9
8.733359710344839 10
5.302419030651379 4
2.4905864461557936 5
9.433335386037111 3
-1.4855077031102581 0
-7.719376675593952 1
1.7511526160275341 1
-1.1970291568746116 8
-8.276544679994771 7
9.97845182777834 10
2.157413409317158 6
1.331429086911136 1
5.680365770658307 3
5.590961769109949 6
2.1846695393334503 9
-5.2799158283089636 6
-5.324087297545017 8
-1.1895960030363906 7
8.87815621295664 8
-2.3365653094112453 5
6.273736945465583 0
2.0586123284644557 6
5.708928627065767 7
-2.1050066749242635 5
7.0087198599176865 7
2.3382652033769187 9
-0.724936329426205 6
-0.09995718914688645 1
-8.630983620413426 7
5.002864446334016 1
9.134795485257253 0
-9.93780174749686 10
-7.17855058040908 1
8.00514452157395 1
-0.9037919517903426 5
7.848525319346624 2
-1.8371691511158232 1
1.787207204979289 9
-9.599683680187319 10
4.815961441346284 8
3.4101174123521254 7
0.891287048641372 6
8.469452912089562 8
-8.227555748637894 1
5.81920870089138 7
-4.376868033504815 2
-9.694245551669233 6
-9.480433888755428 2
6.817399160959518 7
-0.41373508650219293 4
-8.669427426653563 8
6.831575601122605 5
4.67843805605723 9
6.122185411077169 5
-1.5221053708526426 0
-5.610659498851589 8
-1.1917880731828703 9
-4.399412474133642 9
-6.429832344931321 4
3.7875541417766794 4
-6.18246749642201 4
4.438157375546094 5
7.215328424553363 10
-8.668903041760688 3
6.69096480149781 4
3.722562986326148 5
6.538967658160519 2
1.7835002311721304 3
-9.540043939621262 10
8.904527361694473 1
6.13871824606974 2
-0.9456337142463571 7
-3.199727092930318 5
8.655331919010486 2
-0.09205160113455513 1
-4.5176661175778365 0
-4.498168207371016 4
9.966300165138755 3
-9.57859972123914 8
9.437117670630553 1
-8.875191679222942 8
-3.4496346906098534 9
4.610708506855305 8
4.471116692625625 7
-2.9514978760028887 6
0.8643328898380549 9
4.756606860732489 8
0.6660539647752355 5
-9.821584485743642 8
-4.497064602733705 2
-3.175069302772262 9
-0.27472845113085675 2
3.174467182861836 4
-9.538629888068241 3
-4.850781884140838 1
-9.573332325342104 1
2.8639695275243646 8
-1.6097948812607115 0
-1.0824706690562174 3
-6.877295913458228 8
2.3891707614869873 8
-1.9926151753568924 6
-9.771965645991997 9
-8.297484228255854 8
7.11350697521614 8
-9.991833371269154 0
-5.648951458926732 7
9.654403928033865 7
0.3577132337877984 8
-8.572895923183268 4
-5.71458384244484 10
5.563327635889692 8
-3.2552881728549066 2
0.42959752602291346 4
-2.833470154103388 4
-5.722750916512731 9
-9.250247496578636 1
-7.550224208500394 1
-4.3712341614732235 9
3.304505820377086 2
4.596123754647872 4
3.4572031260701976 0
5.365733065068309 2
6.129514769157154 5
4.676481081227607 0
-5.615081573130983 4
-1.5883265652300977 7
-0.00411168828562225 5
4.090949002349429 10
1.1057966700468143 4
6.7122570162715895 4
-7.656775238898394 2
0.6180938445155189 4
-8.889877815786269 6
-7.891602405092179 0
-6.900130170747132 8
8.641434013716424 8
0.7499187904031341 10
0.12056266517725689 2
-2.2083928830161863 0
-8.25559334766666 3
3.8959964455266736 1
-5.677963014526486 9
-0.0002881984869524956 2
7.06675598221576 5
-2.3709993930047846 2
-1.5126006145222455 2
1.5790325055610328 6
1.710395080522062 6
-4.580134021312827 10
0.2853214350644002 5
-1.8063533616526364 7
5.547093357846007 4
1.1947401602296956 4
2.1873362953407565 0
4.72470754501559 5
-1.002165756517961 8
8.502176014348535 2
5.621009401532678 1
-1.1876536623525151 9
-1.2351707968288128 7
2.10715491448064 6
-5.083380654263257 2
-5.709570781934554 0
-3.4488170263986895 10
-1.6631906969318102 2
-9.777511157824495 6
9.600720073245586 1
5.302943983009911 10
-3.475452539072119 9
-2.925221591544651 10
2.2904244536438423 6
4.389929621495005 4
0.6276820224616451 8
-4.9215711073429365 2
-2.0345804658492277 1
4.368234347629464 1
-2.5294496067314682 6
0.7623937948919295 3
-4.7788416389128034 0
-9.798617020588381 1
-7.30781298662305 0
2.6717125568499593 9
5.688931832095957 0
-2.378614440413913 9
3.358455053737785 8
-6.914220903559338 9
-6.658895825924449 6
8.82607148193831 1
-6.346515092302372 4
-3.3888356671586983 10
-4.151131776586032 9
-9.033140984674189 10
7.781258778170141 10
-2.3244037518103884 7
2.4566139843895805 10
-3.2454600499057236 2
-7.90438365370586 3
7.173395557585991 8
7.987756424129596 8
-9.524631485640745 7
8.668634399957678 5
1.7943808643897707 3
1.6721981557521826 9
-3.0334182147213085 1
-5.214183424415539 7
-4.191537117053194 6
-8.520554969301642 6
6.893462969603384 6
-6.9035631008130816 0
-6.17028311400029 7
9.19996764267701 1
9.706180508039996 1
-4.077885189267447 2
-7.302046097916657 0
6.817373762987845 3
-7.662279483540965 1
7.13475116726573 4
3.5235639206273124 4
-8.704537439027371 4
8.069251136473945 8
8.289476931345767 4
1.4479814142958443 4
-3.2347660913669856 9
5.6376912866810365 6
0.4138900611166392 8
9.836991190458786 8
-3.921057847939955 4
-8.767328656803365 0
-8.644675637898837 2
-2.906300421367516 5
-8.090016422270237 0
8.6197832576145 6
4.935513349942175 7
2.5588063799237872 8
-2.6082379004553697 1
-0.0031861764569480755 7
1.191002712781648 8
2.897254922352504 3
-6.096830550702316 7
7.8651420724219285 4
6.586290741410789 7
-3.377534476363717 7
4.642072435754308 10
8.016462025851755 1
4.3660316732445015 5
-5.926111412309845 1
-7.67731975192299 1
4.752312531288265 1
-8.28235543392162 2
-0.35562676263940673 4
5.012021298346907 0
-1.354919328412036 8
1.4013303111245996 3
-0.7960547918939156 5
9.34785600270444 1
6.876825493071124 4
5.1838880117628 1
0.29099122303572145 7
9.556719916626989 9
-4.500625030693161 4
4.5086773824951525 0
1.8350840807823854 1
-6.82630705593713 4
4.008985728714345 4
-9.931022010832042 6
4.388571138381499 9
-4.990265040114156 6
1.7665495307616101 8
-5.5564693405346866 1
-7.989041598211992 1
4.807027118701459 1
-1.6260550727699865 7
-1.563297058302064 1
7.362797029595413 9
8.983745036906768 7
-3.2191545496048697 2
8.336538764939935 4
2.314887274931287 6
-3.6007752768194017 8
-6.7267534546789225 4
1.3761183371989194 2
-1.5259438118723914 8
-9.735575197147451 2
-2.248785036118621 7
-8.62362211869894 4
-8.630327862891733 0
-3.758585593826873 5
-2.172567787675634 9
-6.174601328788684 6
-6.454224768210562 7
-5.510240689544011 9
-3.1512467012597334 0
4.853913593457332 1
-0.24391683671627185 2
9.876093794765591 3
3.9967238520503283 0
7.661035053193011 10
-1.2683787339484525 8
-8.223862247418278 6
9.835559807694928 10
4.604125534326204 5
5.298683374708613 9
6.841501320912521 3
-2.9578363668579133 6
3.0837513382915027 2
-2.875469915966004 8
5.517014576468922 10
4.580703193578014 4
-9.958913321654588 7
-6.81821052952551 10
-4.42729533305042 5
-9.093941499799685 4
9.198039768901673 6
-6.639288987361612 8
7.809952725266804 6
-3.319996982737692 2
-1.0747385001713425 7
-3.255134289658354 6
-2.357091876361048 8
2.154758208892355 7
-9.649013554862805 8
-8.69730122088834 1
-6.262528671542125 3
-0.7221899526651843 5
-9.222907540881621 3
4.46762290297896 2
0.6154584245543564 5
-3.4696097476675174 1
-0.5846132433318569 0
8.076102906657503 0
4.072187825721084 5
-8.637917260827304 6
3.156298980586211 0
-1.1370295663008285 9
7.052583259626015 8
-9.540539028750896 10
9.623072745244976 5
-3.9896364742706103 1
0.2820992690587225 1
-9.206261597648453 2
-3.043984403652833 9
3.9953769963683268 0
-3.335806042120244 2
4.082519117269754 8
5.564493646516981 0
7.8171889240460075 10
-9.679742961673908 6
8.90995401218338 4
-0.29978464463097154 2
3.5059371985985077 1
2.737987787740572 9
3.862865779569617 9
-1.2450198470516387 5
-8.158985533716315 0
-8.51289188832935 9
4.617643929392203 4
4.550434127366927 9
-3.337715031138697 1
-5.014415681260358 10
6.024321684722199 6
-2.1609345395324153 0
1.409138313516845 2
5.862351446983801 0
-5.842510382892787 9
6.188253478311999 1
-3.1900997976223593 2
6.447740025267301 2
-5.746774937771639 0
0.7746619368052539 7
6.912320068143995 8
-8.636103610319504 1
2.582930750469682 1
-5.007456683618907 9
-5.398282756593423 6
-4.554807076763092 10
3.671704880004869 10
-9.495886700604819 1
-0.1279605335768963 8
3.531670496412726 9
2.661343534389003 0
5.4036479877824135 5
-1.5984050908698482 6
-6.889140731554457 6
-5.6784009669450946 1
4.352987814858579 10
0.556554774038954 3
-1.515126386784642 1
-3.3693730757589124 4
4.611295101219884 9
3.8484425708961663 4
0.0808121441448506 6
7.6813745722402444 1
2.9917753527392996 6
0.20557088875989216 7
-3.580072520862741 7
-1.4575612883229176 2
4.174069182963322 1
-1.1413327144459764 1
1.3521783104923752 1
-1.1419987791887536 8
3.6653655954917994 5
-9.015256944051298 9
3.5111652388080206 8
-4.318317966929042 7
0.8050530689223461 10
-0.7032088533247283 9
6.932175371388446 4
-5.322380149587342 8
1.7341696738836703 6
4.086023582947906 9
-3.2866734478951294 7
-7.96543623252346 7
-0.8133379071524782 6
4.570842645112522 5
-7.508635123151938 10
-6.515431465413095 8
5.249429583599545 7
6.606442932730278 6
-7.453575131734169 8
-7.453158509002535 2
-9.797188471208267 7
0.03691657476213628 2
3.1245627912081364 8
0.14339270262929027 0
-7.533350894429123 7
-7.6145835285428065 1
-3.3119555572817365 4
-5.642083096309953 5
-3.67413992345152 3
8.358017245954557 9
5.037257814079419 4
1.3070617704060634 0
8.907460516229733 8
3.9197839784118926 9
-5.148003674301136 10
1.615128079155328 10
-4.431121677286727 6
8.461541160930079 7
-5.5167557757463115 7
-6.858593515120626 1
-1.0875161173059755 6
9.908661686404006 3
-4.328519218414904 5
-8.548193493085321 2
7.1021885179062245 0
-2.7955386591657767 9
7.286210702503581 6
3.1008599166837687 10
7.475789355702307 10
5.545729207941669 8
-2.7452918184889015 1
2.2488819035378675 8
-2.689816537061402 2
-1.7132327856795175 8
4.149405589562045 0
-3.6086796228801 4
1.71143231771139 5
-5.031990615451809 9
0.5904784396217266 5
3.083860021349059 9
-5.557402249777718 8
-0.44935314273463156 7
-4.907538408162302 9
0.6962912580834963 8
5.7423505116192075 1
-7.791661327728983 3
2.5404536189316254 0
-9.999015410876712 2
-2.933917132633437 6
-4.402561405252956 3
3.952535301180708 8
-3.376921777813524 9
6.14745712793891 8
-4.966045281969755 3
6.42540679522498 4
-5.099027700403287 5
-8.433190611465562 0
8.166604658057025 8
4.873247314285125 7
8.499343030500114 0
-9.880505589323649 4
4.014001223272899 10
1.0025472969433196 0
-9.629476013403044 1
2.452752547706334 10
-4.611695918124541 10
9.219688647255612 7
-1.3201928028720662 8
-1.8082481861369288 4
-2.220513905691961 2
-7.959287459489259 6
6.878133074671791 0
-8.400150021540895 0
-0.015386787789582357 9
5.518465130311112 4
4.138334177988604 5
4.11845440874635 7
1.5843902513094914 5
1.199756655937943 8
-7.452159850294276 6
-1.2950539140033541 10
3.5591654274835705 6
2.7130232515105597 1
-4.929128517961763 3
9.456910451253055 6
9.959172964879464 4
-7.378616271667424 6
-3.116719445501377 7
7.530574849435709 9
-7.976574057156782 10
8.657807601435344 2
9.378987650112506 6
3.2154085982943474 7
2.2750287344351108 1
3.4095666383111407 2
3.2141861631305844 0
-7.279802723275745 1
6.352559542091875 5
-6.101857322604733 8
5.2874474826833495 4
8.077821766136179 7
-1.2943726768117951 3
9.544669106673606 7
-5.13789138729871 3
7.66811896844937 5
-1.4853176487381887 10
8.572763000275806 1
-5.713011851610201 0
5.86629484846207 5
-1.3612880416138182 0
0.21128865281572473 5
-4.264190677321484 2
-5.766293161756229 4
2.3906303297218123 4
-4.706036784845054 1
-0.8803302068146976 4
-3.5272576648930354 10
-7.212271545067974 1
-3.2250931417668554 9
2.979780763577436 5
9.8077089240291 2
5.394581093551064 3
1.5512763230448066 10
-8.245613606387431 10
-1.0431795715963368 5
7.7336251668971485 4
5.431310460331693 3
6.622257735511383 9
4.8270256579710775 5
3.056894178956746 7
-4.138340369478137 4
2.9135799726052998 0
-4.621500050573941 3
6.566722477631437 2
6.032611925196466 6
7.544115843943402 2
1.0407432386263942 1
-0.6664913877543057 1
2.278962176600798 0
9.54874557418347 8
6.042707917938841 2
-7.15116792135579 2
-6.927549381744383 9
-4.48584952390801 3
-0.18663611340470254 4
-1.332171353048551 9
3.4121528186992816 1
-3.368959277807299 6
-8.937196249494313 5
9.24794267080928 5
-6.91601767720768 10
7.708960518766705 0
9.661444966241486 6
9.82065732955093 5
-2.182424452748468 6
9.741447304793724 4
-8.515669100246248 6
-4.81990893680609 8
6.424726712112335 5
3.5592880109425007 7
-4.637983907131704 5
-1.7101620969763793 9
-3.5352464077167074 0
-8.151861102876364 1
0.042237920667316686 6
1.7069171533538565 9
4.858605980916392 2
2.1572886799621074 4
-5.8178529787691176 4
0.08999261661591085 4
4.313093215602217 9
5.61883480052667 8
-2.083943001655772 0
7.434828185535199 0
3.937804112527644 3
3.6876191521232293 8
6.531539629351315 1
1.360911738960933 10
2.8838958543218 4
3.7895933953496623 4
1.5812678657716575 1
2.7487413681667867 1
-2.6130550206811947 7
-4.513895455549073 4
-0.5369959754462634 4
-8.39548675771659 5
8.27844824490738 9
-5.87370599894906 0
8.701917502332662 9
5.321036405285668 8
-5.809563356740508 9
-5.115061931598628 7
-9.2669067550742 6
-5.857982757927756 9
-4.143831140131111 6
5.192137033595152 2
4.446901681723244 4
-7.587615556705369 0
-5.776519472905375 1
-1.1065647788269768 8
1.3839556036983964 9
-0.4145532041799864 10
7.131389442955822 9
-1.7616433618008038 6
7.490440633065102 3
8.778933928522989 7
-1.9928108455303182 10
5.986841929795197 1
-2.7899758408333515 10
3.9706581655591506 10
9.095632381202165 10
8.568421098093676 5
3.3455281601130267 2
9.262324948703462 8
6.601489662366017 7
-5.614871984375947 3
-3.690661287623744 4
-3.832263706286443 1
-7.670615985350285 4
7.918928238019237 10
3.6152148605410623 0
-7.940498928653157 7
7.550101300098085 3
0.8973298924152857 1
-7.137226030787014 7
-8.14703011988422 9
4.257017564525693 8
9.88816126754185 10
7.814491039903565 9
-2.5339148080713407 8
4.909416830721685 4
3.5661754712243727 10
1.7486007065558624 5
3.4634426755530594 2
6.540321225196315 3
5.064584656354965 8
2.5290429452358474 10
-2.936787703631783 9
-2.8298222062140255 3
4.604683153825055 5
0.08120298838722384 6
-3.177352453214553 8
-2.785829345543876 0
-9.839374000394542 3
-3.7802681954307493 2
-6.180887398885155 3
-6.304474174940042 6
7.906434063048685 7
0.39747180062005505 8
-0.5403378131726839 4
1.3714982547710957 9
2.9449889116031454 10
2.404442298027714 3
1.125595688619665 5
7.431674894414119 6
9.904626654217108 8
-9.280246535284514 1
9.174198123196692 2
-1.3122351740771734 1
7.778127242419053 10
3.1993762795866054 8
-1.7191343818281872 3
-3.7125334424555696 6
-6.975535520755864 7
1.8415618130432634 5
-9.83455203391886 5
-4.914228356676862 9
6.9319536411876435 6
-9.268207410885104 3
9.26892021422605 1
-1.5485894210599245 0
7.636371896679584 0
3.8273023306273917 3
-6.3048725885741375 5
9.938343462784868 5
9.236706064920863 10
1.4009195462296447 4
0.09411320664955802 4
-8.120570992889512 9
-5.7743309328323384 6
-9.279504965016505 2
-6.5450383511029635 6
-3.5863767367521016 5
9.508453254277732 5
-5.44932687854388 9
-6.858245115481152 7
9.878489423806833 7
1.918408333713188 9
7.5517859279814346 1
-0.1260880624352616 2
5.081967455882467 5
1.119254158634993 9
-7.846689109948237 8
1.1088249088242481 8
-4.214400421142226 7
-2.8176055877000294 1
3.2991464202347824 3
9.392413855271766 7
-8.864378736688527 7
-1.3581652022367319 5
-0.6188445199111836 0
2.9303575885072632 4
-5.741901743479012 8
-4.734758591652371 7
7.9935449825947344 1
-5.356660666307582 4
-2.7051148575993267 0
-3.1044589064537886 2
3.470694130675792 10
-1.6908344356541676 1
2.6077413306598984 9
-0.29951346250140176 2
0.6840499062108591 7
5.466647678122076 6
-9.532207875220491 7
4.132711824141108 7
9.367780163478145 7
-1.3371467588020103 9
4.817702361948426 8
1.091744385982988 4
3.6214686084248804 1
1.7857457936177656 0
-1.9173137038614527 6
-2.5620343024229486 7
-7.341909326539488 8
5.159735880760685 9
5.321257330416005 6
2.9591133966345815 3
3.2895388638395353 3
3.361485769990889 5
0.6383276615273719 10
-7.264266239489099 6
-2.2227348315649547 2
8.101678046452232 7
-3.4516977704324336 4
1.8324971461863182 8
-8.415636774488295 10
-6.506701732191034 1
-9.513853974771362 7
2.6813555578612274 6
-7.2199913480201765 3
9.79326341699619 4
8.717057220516566 7
-4.222925457663209 2
-5.651520753375463 1
0.308428265046242 10
2.3271894081943714 2
0.1961252026348994 7
9.281740488786287 8
-3.0329644930048083 9
-1.950441352126564 0
7.635384561769641 7
2.114847043658239 8
-4.95836119005888 10
-4.619561970575448 10
-8.858663953363271 5
-8.183444735862187 4
9.601238249153486 5
2.0062302948311697 0
4.378204913135651 4
-4.114669545973221 1
-5.122436153624886 4
3.5472824860348737 2
5.143087432512443 5
-3.731662302195174 7
-8.445335262693483 3
4.361673611726115 0
4.082725188025311 4
-2.3937656706708133 7
1.982952159535854 1
4.060086561062377 6
3.8798897349859995 5
5.0226389012400965 5
7.317076826431293 6
-4.880881595527271 10
4.027736425881571 2
0.26711465646912913 1
2.3059197251285095 6
6.92635200360839 9
-2.554713128144339 4
-7.115224131019722 1
6.267996230064718 1
9.720436188758786 3
-5.139041612137314 5
-9.737587687863432 4
-9.4887123496379 3
8.25380452997194 6
3.896864615578126 2
7.579653520544131 5
3.751900770909929 7
1.0124476928053596 8
3.8453624920841882 10
7.019159348863646 9
4.8884518293202 2
-9.556821996845057 9
-5.539384479638009 7
9.274593593060338 3
5.289049190301782 9
8.198426853695004 5
4.974770325230647 8
8.122003904661465 10
7.557065856342568 5
8.533084041313018 4
-4.115338611822262 3
-6.390901133306189 3
6.20123493265789 5
-7.083141343851764 7
-7.413936857019228 6
3.574882409493153 3
0.9506758948914236 8
-4.455462030974231 3
7.1075249266045475 3
-8.327624098038122 4
5.3073893158742855 9
0.711362185526653 7
-0.02354633494475067 2
4.170051261795633 4
-4.015066730604819 2
0.7825147480938242 0
6.197335853824651 0
-6.554578700049463 7
-8.564664225756564 0
7.032631610679118 2
-6.828847082966842 9
-2.230470675523792 1
-2.2299093402598995 9
6.327855567151456 9
7.311060780812685 9
-5.117753961270404 3
-6.464734039850577 6
-1.2607441995403939 3
-4.247054026868384 3
7.777550376475354 5
-4.401277295286912 10
-8.2640762327155 0
-2.973259166736499 5
-0.5880553749830124 2
-5.812395496229003 5
-8.3246788047716 9
4.845663113403425 6
-3.0929890925064907 7
-5.406628423924113 1
9.713215513761867 10
2.81716394326412 8
1.426958331420023 1
-7.608237873299311 2
-2.930543058406392 1
-4.259555555905072 4
-3.205895310488895 2
-4.913830263546992 10
2.969352136294944 1
-1.6588442722000067 1
9.106495901293925 4
9.327967959970344 5
-1.934097124331526 8
-2.7518475384686063 8
-0.20473007992982417 2
1.6523588984060211 1
-8.415651711456222 10
1.3305803048858618 7
-0.9238420605686475 4
3.9409276159102635 5
-1.9851930111075191 1
1.3871975287409448 8
8.027667069850107 0
6.901695950495139 4
-0.9822542002992645 10
-6.203597275979598 7
0.02452566549674806 3
0.8088082675848334 2
5.386228031335866 8
1.2076967399462486 3
8.605077024841094 4
7.401665695293357 3
1.3001096270222323 6
-2.7616238014609245 10
6.609833254382082 7
-1.615739764739498 6
2.0943021232426027 9
5.720864149984681 2
-7.060677228797734 10
-6.109311262145242 1
4.999520658726722 0
3.6420883270012165 2
-6.2254662790909165 1
-0.4547641914013827 5
-8.6776108056619 3
-5.102030124169583 5
5.744983236555601 9
3.4906926758471357 5
9.161367451390674 9
5.670725440491731 4
-4.462452078128349 2
5.965241521616713 7
1.6884404022292507 1
6.521381307380935 3
-6.151501157883712 9
-9.941672146598124 9
6.880968053079023 3
-9.305898964462935 9
0.29358004252024905 9
-1.6662488272586415 6
4.983305208298267 3
5.396467832697692 0
-2.906849596663701 4
6.533057017290535 4
-8.607801516293993 6
3.917874564380984 6
2.5952767858830157 5
-7.8459380809924095 0
7.3238397090293645 6
-2.8226576662359886 2
3.0318019204792073 1
1.5884111701835035 9
1.039437142040562 6
1.4615742235319544 1
-8.206943147124889 5
-5.926252548346134 7
6.235422458265237 9
-3.4976829710428436 10
2.9889205914996086 7
3.620657875409229 5
-7.4142912420275975 5
7.5924224646800695 0
-2.0656519194757506 5
6.5542356721115596 5
-4.133544465173773 10
0.8143320889092021 6
-0.33636714296808634 5
-3.0106074733721977 0
4.621517535931366 8
-4.796832384003906 9
4.559062587966716 10
-3.7670917131922455 10
-5.824881098911665 5
7.997860531435165 7
-7.75819100530682 0
1.8918537590741735 6
9.439309301792854 5
-2.789283157763056 4
-9.519440915320017 3
2.7214173111690734 10
5.952410061405384 3
-1.7363260161923666 3
2.277419580812703 0
-7.728560180366366 5
-5.223144228193998 1
-1.2985414020944184 7
-5.097674855533343 6
-7.239683089885731 9
-8.23211003856966 7
4.155184504760776 6
-8.199834282164389 5
0.0726155452789019 10
7.717105565074945 1
8.055997361731745 7
4.205130256817487 2
-4.53271624865941 7
-3.5870318403648938 5
-0.31204698989224866 6
-9.94698783635355 4
5.702205561763723 5
-3.6932207451207173 4
-2.8479570883787897 6
5.31193505813704 0
4.650412375588132 8
-3.705670162391062 10
-0.1252542813045725 6
-5.523340193489621 9
2.0500391455151963 4
5.196526764940712 1
-5.991284845193922 4
6.520048914252229 2
7.356147822019821 8
-3.118043774008699 3
-9.439770983274375 2
-9.69923112877024 10
-9.566814704522283 8
-8.8036052435071 1
8.960416601336672 7
6.312008663553218 1
-1.7371408667913748 4
-3.8459500236462008 1
1.168959267649912 9
-5.098168154861842 3
-6.537484898184738 1
-3.9940341551100893 0
-9.778461591971395 6
4.9261037507480765 2
9.801626011121641 8
9.502271403425496 4
4.254159671696446 3
4.845918795972629 2
-7.161233878802791 1
9.931503103156203 4
-2.4343628676482743 1
8.76933279544189 0
-4.609136602017873 1
-9.919443540663298 7
7.15504300143893 2
-7.147159347756242 10
-6.426852773958169 7
-3.565027346468632 4
6.816238812016131 1
-3.841570425970014 8
-6.156313417845007 6
-9.561348099592253 7
2.438570002218345 5
3.1066900626367673 4
5.018545347920869 0
1.328355638437447 9
-4.300623650631 7
-1.9246798414721606 8
8.531577486663203 3
-2.8766362066637026 9
4.807063462872119 1
-0.8695799722875481 9
-6.495702570454038 3
-6.981274151637795 5
1.315470598769501 4
-8.12519402542414 9
-3.4096872095875845 0
-4.777277880938751 0
0.12097377444844959 10
-5.101892968138975 5
-7.060123488605354 7
7.156965518838664 7
-6.21394170784114 1
2.1457931100073164 10
6.721042932038671 10
3.588399452946547 4
-8.42757866366542 2
-5.924952972976376 5
0.37634672614108133 5
-5.268224553345579 2
1.2189846102221082 0
8.947289019196408 1
-5.554799382377644 5
-4.108775091734764 5
-2.874334760401867 9
4.368369426616933 6
-0.20027833161950426 3
-7.54774862661767 3
-8.189170527055191 1
-9.151340498566615 5
3.0161467138571396 3
-4.59226090623784 5
-0.7083100884309808 0
0.1765044364105801 4
9.622784460492294 9
8.676152368969333 4
-4.023298438301155 6
-7.1138651247872335 7
6.211622628089 3
0.06567136838106613 6
2.7137634690147934 5
-4.859759779073407 0
-8.147800317749741 10
6.958909425851381 2
5.62068479860422 4
3.873477893445795 1
-3.4095974762573666 9
-8.521061788789764 9
-4.172895464112467 0
5.822884955392862 3
-2.404294911823335 8
7.455558193044858 0
1.5356413909625406 8
8.27562426344204 6
-7.6257261649853785 6
0.16749191063167146 7
4.005935371789612 10
8.194993714697144 4
-8.659539747438343 2
7.185436575570751 4
-9.654032934606212 2
-3.5427193546490887 10
0.5713909122643734 2
0.7008300157165852 0
8.00929085820911 2
-3.4902799067260197 2
0.8906809774990094 9
8.558183060079635 10
-2.206481693046978 7
3.5543038318798654 9
-4.105017814426075 7
3.310640636377995 9
3.2212653151451036 9
1.1486229699951345 8
-0.1693866864579352 0
0.23584608871916934 5
0.849272673995463 4
-9.923782842117392 4
8.825185043988476 6
2.8313402452606073 10
-8.812788941535757 10
-2.7633208775479234 4
8.241266403545314 4
-9.056964972367119 3
-7.881208028473672 5
1.984340596331588 10
7.23723132918661 3
-1.7704902405340555 3
1.8764212938148805 6
8.33998789969391 8
9.275329821295855 5
-8.116694036358753 3
4.935373872225044 8
1.8454668968345427 3
-1.7997637219528784 8
-1.904533042496027 1
-3.9062015172101905 2
-3.864227543767427 8
7.85340247071931 10
-0.3320762412988998 1
-9.740746415023594 0
-7.443685800170179 8
7.427677831767646 10
-6.566837521785425 4
-9.755323900333154 6
5.454595242730056 7
-7.282481920577064 10
-9.450836987574824 6
1.1648331540798758 6
6.140494819873833 3
-7.917643724114754 5
-7.709196030118766 5
4.00004604385636 4
-9.254882059974827 2
9.218729685175372 10
6.724181175271223 0
-3.873884312172338 8
-0.11764961731686441 1
-4.924207621285108 4
-9.366889226410418 2
-3.7697786473900052 2
5.594702158910202 8
7.045374838292435 2
-8.4468283719321 5
3.917872481685059 2
-3.115959089747056 8
-9.675209168514074 6
9.87616522815529 1
-6.453077065913025 9
-5.574359334526957 6
7.7417995487185 9
7.4393131222006055 7
6.89721192010316 4
-0.9704804873832948 1
7.866073875369704 2
-9.643332316662628 7
1.8294755966511111 0
-8.227425052794244 7
-7.326248270310602 3
2.113699058287592 2
-5.826486915131968 6
-8.18938272822091 7
7.416547876264882 1
7.816020794122757 4
-4.7522830662086335 3
-0.6981053158895776 2
2.8250967767148865 2
4.282551456235915 2
2.3582419626311157 6
-0.6538803092754275 7
2.300282408835777 4
6.5195474555063555 6
-0.15021409622124615 1
6.946372258055618 4
2.465993942958198 0
9.550204415343892 5
9.874428660833924 5
