5
112 3
9 0 7 9 5 10 2 6 5 4 2 0 0 5 7 8 6 0 6 0 11 6 8 0 5 6 11 8 10 5 8 9 9 10 11 0 5 3 10 5 2 5 3 10 5 10 7 11 6 3 9 9 0 3 4 11 4 7 2 3 1 0 1 9 1 9 3 4 5 1 9 3 2 1 3 6 9 6 1 8 6 0 10 7 1 6 8 6 2 11 11 8 8 5 6 0 0 3 11 3 1 3 9 8 10 6 11 5 1 5 4 8
198 6
8 14 16 12 4 4 13 2 12 9 10 11 5 4 13 5 14 16 3 6 3 11 1 6 7 5 4 8 3 15 3 6 10 0 13 3 0 3 0 5 9 15 16 5 8 6 10 3 12 11 10 14 1 10 4 6 11 13 5 3 1 0 2 7 3 4 16 3 7 4 0 11 13 10 11 3 16 1 3 15 4 0 12 16 2 15 13 11 7 16 11 2 16 9 12 16 6 3 15 11 8 9 11 0 4 6 4 10 9 13 13 12 11 8 13 8 12 9 15 0 3 9 1 2 1 2 3 5 10 15 5 14 4 5 15 16 10 8 5 9 3 3 15 2 1 0 8 8 7 13 10 6 2 10 15 0 12 5 13 16 4 2 4 12 9 8 4 16 15 10 14 8 3 16 8 3 0 10 11 7 13 1 7 1 10 16 1 10 16 15 0 15 4 9 5 15 0 6
1184 8
11 2 1 8 11 2 3 18 2 22 17 1 26 13 2 7 25 10 21 16 24 11 20 1 24 28 22 20 4 11 4 2 12 14 13 10 25 10 12 16 5 7 13 7 8 11 2 23 25 23 4 22 7 15 2 22 24 29 5 27 18 4 27 28 5 6 10 22 3 13 26 17 3 11 20 10 26 17 8 12 24 9 5 28 13 21 20 25 21 23 24 25 14 4 29 25 11 21 6 26 9 26 9 1 4 15 11 2 15 22 27 16 17 21 10 25 11 4 29 27 3 12 27 27 5 4 2 9 7 29 3 11 16 11 6 11 18 6 24 21 5 26 24 22 12 27 17 14 2 2 20 13 4 14 12 19 18 27 25 16 3 20 21 3 18 13 9 26 5 15 4 8 24 4 17 28 8 27 14 29 23 22 5 22 25 28 8 0 15 28 10 0 23 2 22 11 28 20 1 7 12 6 4 22 20 14 14 13 7 20 25 27 29 28 7 25 15 17 29 27 15 1 5 14 7 5 16 12 1 10 18 5 17 4 8 26 7 24 25 5 7 10 18 19 5 28 18 26 18 3 24 17 12 20 29 23 22 22 9 8 1 6 18 5 9 7 17 17 10 5 25 16 20 24 5 19 10 10 20 15 7 22 25 23 9 16 24 17 26 10 5 13 27 8 1 6 2 15 1 1 4 18 15 2 20 5 11 11 28 14 15 28 18 5 26 7 18 5 7 2 6 11 25 23 24 2 26 22 3 25 13 16 6 24 11 10 28 0 2 26 2 7 26 24 24 20 26 11 17 28 27 11 0 4 29 6 18 5 0 29 23 12 8 26 1 13 5 7 28 2 18 20 2 11 7 23 10 26 19 26 1 15 0 5 29 2 3 23 7 19 6 25 10 28 18 12 26 12 10 26 7 13 25 18 19 26 10 13 22 23 13 1 17 3 20 22 0 17 16 7 25 0 26 20 22 16 4 21 17 6 3 20 11 21 3 12 1 13 25 27 9 3 8 19 1 9 1 21 20 9 17 10 6 13 23 4 15 11 1 8 25 9 5 26 17 19 22 18 22 20 17 5 8 10 2 0 16 12 20 3 14 17 8 25 1 21 10 25 7 12 12 9 14 19 6 18 5 5 2 28 24 25 11 19 4 8 25 9 11 0 27 28 20 0 22 28 19 5 27 26 19 27 10 8 2 6 16 22 26 28 25 28 22 1 27 27 20 7 13 12 1 4 24 19 21 0 10 14 20 2 0 23 9 27 16 28 11 11 23 9 7 19 12 11 6 5 11 19 22 15 6 16 23 9 13 5 20 1 1 27 29 19 7 5 2 19 28 3 13 21 13 16 13 2 25 7 24 23 7 5 9 14 22 18 4 13 7 2 24 8 27 12 28 8 21 7 26 21 21 4 6 15 11 16 19 1 18 8 1 19 6 7 23 9 28 10 28 2 23 29 26 20 28 18 29 26 3 4 29 24 8 29 14 4 8 28 29 18 20 8 19 11 8 16 28 12 5 16 12 8 22 17 15 2 14 28 27 4 24 10 7 5 6 29 26 3 26 25 25 17 20 3 2 11 18 4 13 21 17 6 29 6 26 7 10 12 12 21 20 11 27 14 17 26 5 11 0 24 27 22 14 0 7 26 6 0 24 3 0 7 4 14 0 0 22 19 23 19 27 0 14 13 13 1 18 28 26 18 14 18 10 6 10 9 25 6 25 6 11 23 19 5 15 8 20 20 14 2 0 24 18 17 0 7 11 7 21 15 20 5 16 28 19 15 15 20 8 9 16 2 12 9 4 18 6 5 11 21 16 15 24 2 25 17 18 27 12 11 11 15 0 13 3 21 27 1 4 11 16 19 6 3 28 25 5 11 2 21 29 28 13 6 11 12 15 15 4 26 28 17 29 26 14 10 19 27 1 5 17 13 12 22 20 27 22 17 7 16 27 6 15 3 3 14 22 2 25 17 23 21 23 27 28 24 12 28 15 22 27 19 9 5 18 3 15 22 27 9 4 29 12 17 8 21 11 4 17 4 5 29 19 29 10 16 10 15 12 4 26 4 16 4 23 10 14 28 20 14 22 12 18 25 0 1 20 6 0 6 5 10 2 23 17 28 16 1 29 8 19 0 12 16 22 17 11 23 7 16 27 16 4 8 25 25 0 12 28 23 19 22 12 9 5 14 1 4 11 25 13 24 10 8 21 21 11 2 9 18 16 0 23 7 12 8 22 18 24 18 14 14 4 19 21 3 4 3 11 10 26 17 13 24 9 26 3 28 18 16 16 11 15 8 2 6 19 26 0 28 17 25 6 8 19 17 9 2 3 9 1 19 21 27 15 27 10 1 7 24 9 12 28 8 21 21 24 25 28 24 8 14 21 5 16 22 25 0 6 7 18 21 25 11 19 1 11 12 13 1 13 18 27 14 11 2 13 27 26 3 23 9 15 18 6 10 16 15 9 26 8 28 28 24 20 1 20 19 21 29 0 10 0 28 7 1 20 1 12 24 13 26 6 29 24 15 14 4 19 21 10 16 28 5 12 6 25 10 21 3 8 15 8 28 14 7 28 21 1 3 2 13 19 2 11 24 24 2 17 12 20 12 4 15 24 6 24 0 16 3 10 1 17 15 6 1 26 8 1 16 15 21 25 5 1 15 4 19 4 13 17 3 26 28 5 15
1 1
100000000
4 4
0 0 0 0
