3
123 3
1 2 3 1 4 1 3 2 3 1 4 1 3 2 3 1 4 1 3 2 3 1 4 1 3 2 3 1 4 1 3 2 3 1 4 1 3 2 3 1 4 1 3 2 3 1 4 1 3 2 3 1 4 1 3 2 3 1 4 1 3 2 3 1 4 1 3 2 3 1 4 1 3 2 3 1 4 1 3 2 3 1 4 1 3 2 3 1 4 1 3 2 3 1 4 1 3 2 3 1 4 1 3 2 3 1 4 1 3 2 3 1 4 1 3 2 3 1 4 1 3 2 3
12 3
1 2 3 6 1 2 3 6 1 2 3 6
124 3
1 2 3 1 4 2 3 1 4 2 3 1 4 2 3 1 4 2 3 1 4 2 3 1 4 2 3 1 4 2 3 1 4 2 3 1 4 2 3 1 4 2 3 1 4 2 3 1 4 2 3 1 4 2 3 1 4 2 3 1 4 2 3 1 4 2 3 1 4 2 3 1 4 2 3 1 4 2 3 1 4 2 3 1 4 2 3 1 4 2 3 1 4 2 3 1 4 2 3 1 4 2 3 1 4 2 3 1 4 2 3 1 4 2 3 1 4 2 3 1 4 2 3 1
//////////////////////////////////////////////////////////////
case(0):         num of page : 123       limit of memory : 3
---  83/123 ---First In First Out
---  43/123 ---Optimal
---  43/123 ---Least Recently Used
case(1):         num of page : 12        limit of memory : 3
---  12/12  ---First In First Out
---   6/12  ---Optimal
---  12/12  ---Least Recently Used
case(2):         num of page : 124       limit of memory : 3
---  63/124 ---First In First Out
---  43/124 ---Optimal
--- 123/124 ---Least Recently Used
