147
+70600925159889661174171219201359550205588901244143408811092292573408257724969395093235192703866965049183093130284514401667903286789188966317758417575867005666184557984993963021523977395483493787701097836193337213887568541853595773404110578126107060210850136031237975067437629251897723430645316920644779133069380892865004804384299503041066169459449567534849945311364642234652517016032488969274228250812676464853486729649902628412594620805228306775196522698709086468727359298407477187135875
250217091189834617833332912807480445519640706688330914353613342518365849949857867886300070841784258812288926274977969442396309341450333047444765729669433105719113909034533986250624374161174018657651304440616565337914446562301276572335469254154222091558454765560086657547969842832438927408425161191985610461145735789210007524569525724142038742068880747384831864613214793115593475439569840789715429290561936631692544637198837121488242475215367007736479907786300858356461470312845759655578875570836877651675447680286116591573084923915937359888020625040025267964564862108143721829282866542702079566762221667618721451804912667119714003201815115300039483835258300517999901678443598140506649463714925682135188701379425154307636857122656587
9745587090729116251738624709428002316686455298226608044698147141156284121701710293513316136363701732744090717590935789061821664654460298563403029323392543557614063194734494183731953779988202541593645598352810429721143327032173039466058093771076631520428572926124369618768203907413046061910055077241363945562001375064596896535455088236741262977377866498426797929291643543531732627413359239985261081521921351103795426987599380038261866099089815957203797915473632402124
+2039466449144493929320930559869204211169238673280221115866199081360506859089384945980044050514148051482303139810831668199328027597391626866348483231724595637379240531172668060774978033195367320299586204448758292715590719740952119311287151287981479420429558994067397546883546260080016036444780984241218576896268483343641818921925885613509974913765069972162164600298902411959203401971468351144694872716244844470358189449674439326259855504946219425379169753611052707282845859881298507285283879433191753129845985600975304204142153842756770804623681502873588844008858424703486620584710615165151981112299170587486567699454889204647875609593045142694845994
+1896424652155945769236604260985499634934975972792820334231254338395151896688812985036107805551586576982262377451729271751873936683932050090502925246945228542183644643155815801577940904855065729380442957018563044681490788822421568922695245515912889292635565213193113384241027494349207852607969895705609402644862433593580793407519995807836292551050310113894793735618670946271711385602219750756936270627433235521986269990944908334469522380189049751354436797754399639845358764280690510216987341971335869129570799875516281730532556329773777262384355790876520496259773575215522388258865274926771675861627024332070112460502865859839803203746549443054946270653593369991319437930954408878278796156374681974647125441204902216081354865093804030493642630351851522118067310279654543994268488244912871762475181
+52125726691788806908680183716450002468980215340008534674332097602599804380080017491732668279107232673445335245032422763219066360160283884649940879990419457530379329046723471656427702970549377299443465717912038920673711659968482440520107270411767536576835580300589759873991595497159603779727012450266977512078349437087999260077629177982461016001577023599558353174216512753958447794895750041882596188293484558643415744205104430215566099887473
-96154580212595276540506191958165573655982714087411897038173575236156059423946710626845695469040945133870167734473251085845047176523244127939292716156218916049979117395994403355562473428628956713707613771207485094165134184408038547492030336337483081854880093743308
-9487176203151705614610685753086067628252037548646041651092340668645275928225465524175353165373873715089610583694104306124876
2171053310778846436010525125406142786721981238463974580901662760942620646672182991314487533249566546644403487701153238672238472028160071783847113261382237009390554479163270486772160277593097116371389821146667525840277631890140086934670481348
-70647115547804850794067058661397018578212889751963097873257399520540049744984861080297798540044735862439735177624244451827869278468981465245349318134179195103853555456624620941224492321196498814961324326606320057761404664643237269803627587601627554235010406084728047893610850085309208274949885326253586093418972021868614360381440804236001926950886245265683629457399252512533128372786092935469398074349697848873665015564312894544178805938446074513450851156907416376422623172285882462788440955026546855717863249077048126027103473513407010595047679644425483952164469406971943784000
-616585387619001551145370993737394980208544591417867201186690148019939571172161027731175114853449359172154016961719234570142217076177462686795477268453021014570493128004421230060833778102090653844030677592235401447443677517780139325412698860116104490743998437714038240460113820709754056840767936705318230799677869942112449323009136994941530418785523844924923085629942577113858473186411565343756294357329687873235982108160521774275172235516515779558892225523396135706068528956667276397923026269414492544674764168999608827750735679881209182285745355187623825478128053856296260195821538533605692493308297729945830342580414151920922471792091622598993582306578577298434035021030597716760776351526399539907516015166989887606083426179735138067261625004021656912326798666630955343942219861282879916923430341376405940622523109562199486180887945812712868183651890764855029173078794660815548562206509578832703587947055690788526043363173497186311096424560503013831916303483752770819879
+775411633357346874573498434617781136827860431470890682863889625535694841572567738220302709797289337225332
90314737834952553050860312311562066287795469649840
-840633126394475853434253967017685431203465726856861281269397960024600465346120465273824959973482463869411389236242787873697847258762638514692761333904510077701504641036587019010932758393279326636517172844181
-8627128896084019720838746203681327389994126681386682033117731705947503500917159378461953136654310631590779131276433353729616458469805996723051039880647545948537448306499101286978900861904475575467777907893625690626141080037033030385386107408885396600420529911326723839245471567525158927724336283816653940476599388883134226332083136544699266171988832045734336309831576670872446032893724080687999694785977802343202950990932984614010276626152193281639941295803750956599704837260989746304891720587795381664031304335048978464679052741302265177001600302855634059859063719899657859894598176347763533200392069597076471732521932257466440502155013241477244801349416692464014280119392411090609137208212511305129622669322145325986526357098266759811340517072758737156850427963307996430789107994484306522561958453693220060488498675358195488652496293714251916064727644637084471
-31160378678434378372458330803256040780134170583091488948299957911177571847932589022643192018694937748764064006149153404130107931563843562339894475251652402352714020366503975396928975410867656998512684
-45586711695959933173543227196043572268650634592543396288582699556973608893097253654100917012253683276870350274093392832586994606888191832633034218624599429852807655988388398181224249092726140981936505120074822620
-214833984982833078108689522357250942058547098308545020932633789416366309585797523764724619083928605172032315976537959707792335674548663009318025483282806912934935199239383047293276000037639614671677716010965708483472056228997460814206592746640498819746353391127326106897898992573733595061521025206100775622257598013130286410500180101220730965240467298108344522184073765269075993823046033089194123492013405896743067980692997828733095975532649723162790138081243318291275242084396954668046794691041193782918019557452249949678779602970847414119967245318235646462615448122439528497685540162125155637149502425373808695559440558773339688964891717344656465533735903307291282602403959448181730794343201885126384282484147307045350486567191934029872483093723267456274617103933960891501292075565189301667348392267165770631268349997814678872459847584545243726876188270058945721006973852535864240229034717278697273092343887731784321533175747642034849833935973884844132878549924054426867065239752
+94503179847993918443100171997983314718603844470415064317940309892392281320354324467127701081436550387228439453108319759158548772857311818175107594890616652492695839868404518323597015688516784248804970002228765930178641661090784247607404258906882207245148037246628865060178385868099724056643288649937834423379154545755852723351831
4978356878402590627433738414899812434949506153040278246392346
234717215374832135340894451628964933442593475117561219291404575636084486052915730624625311846183588283199984403474936513296333281868434321480732134700226680489311362902810362660733834741307325474420057862999183663325380846840433462867434371140335969911211613339776978659700096366606441401513170177638510287952406906725279224539536206730511955778710650214760666002330951390541101618912992577282278320220357310359640739294763787542012693263121195716761592010876736094167204517284277646222136508860568400731217552102019185901818584561817577129652084695465774156311622045690422739195890133433589892333831460061577781473744008463024469895793337881970487688529728204611016231958614080872034380760090486001064269771183825737644204581695169198588651906770125622413732886846676565513327036925998954362263251871147425934880300265
+38367956181756089617850988678868188622257500527601149881938325479547100731949865969163720470228818069796410871683844014981571125901676486996782497960857290624138883692582242795198317199405738534213120357269919363397958802644783125524898582591203543786428883040682502107460951962778134678849861594591776210626854865650662603310042358590695876903535897644587375291592875994987728819923739980321353760289077634642688108
-9604361026999633718837100233525351985540533837746960388456100776561081743081158804433950620271574081349316461782063126394221335885019495923798510970570149431648517814580372874869455837615674246306347499638718168261944898835690194554038842243445196486308907216477434712297795659173761618687852467482612151897364682209479780930992692081294679401643959794
-363731793956554456268732370501956571180816847577798046972752169642623994632044001328771084031992722094321622521562968413131402864224096182944273112204076281881134910643804176706246545727722796521777536153895351655307049131302275997345259743292585875292590692542899074625732371590487615317657226521639193444719740898921472565304034631909187667656626311107379453927133498122612634463999516486981225930623470900711811680351767429593200500396833866909813591019913509375869343377199343951878320739752234400359221732232480010531727215075629705302041102905566807773534743395346745483183494774772570472963540855221422209073329188146728571851819388
+672207575006228773338455123136148586949798654089648776695540301190242471580002864133942995279934875738607870103661820129530341379265435543553366876432013498335907672256252339430288591328496572400038165113774598824911697777679508416936000597532193087916624833755762391981874221574605098570622731324493492194414612018897638844696849949481651187763114233166913411445016123383943517466322948863123549787529097877911119703007392931360365546587332760597569396578646414074253919204959115549513856680805374170271560213402784814123284803231274294363829486635815042980012349600644112348340989980728930148270214655276980140903665913463358112847988747724920585305354374724955909849928034855124900091967729892886137133290816992206027667190700658715004814952132319214810268812022867291114606
-4667092184255682199804923760513949121672320300185692633581747387505503629835611512923677944207751263380875537977363913716218719238791038430942169649818550232183906025712801709192725023040568280204017762075510840076459510589718574593806288955857767137054411779624434926967482132490475543353575426543704625868722052759497932332553158636231844565598636916397095521682851131418580071141189322351194692775510829684727215689558925913841531072889775565497880845551865051976924329534979789470370786748748171874751416076994798333756278560634703768174014902092350377946598764996986818198613787190183034446909003454453986761003109953264449133189594582224809712154759940529893080219686423698606006291429125890233151396464525898106606084218749353549924911614382141119313038838948837868425490594431284592051127868766837416560284012358731864958592329235269178259175742259697930590688326355032732789035527782860269758107287095757087593945478656383423506002255787626892004565211996506296732908916
+52961744451717144942142085487692000451915600640362157381604475602955251192917502209204802259874913908238376563096225183395898934593010884190267034814356203264612420648689423782020525931310214113346637087515851197620782781803552576754225490696355597754447341183749155352822962693646109997326988170424512553065368941431640058499910864359625011097665671296494772195078963633070559807113275637700949694661299143728868622187121514984961034320425220545768800203560397136132338956466813756217865518806
-426098487525730849986954008638405859539191670105056914410442751422465646473370318302993314009885995489093004737423929077411588327544395209033825492191770938923989883995464720132117115647701168725066503413326835968561455850912289361442582992803022336091247948014932023888557826922698010803533379560750788119384294024489745400154650021661773570998758046325724887546417102544378249241641759815701417338931233305675331832636639679335582166694502824541059846293878131222944258955011961644648088035223011613410541049837197
484757963369295377122807093012765093628213559114842899940528078901321921562473337543259352073805195555975164792112277355457090329597162211801665575569179368129121358831421075356094071989761483255608424106949638809500231311558962885680807461187240256431470090719806449393263538665431129295321988232504232619840566300139501458896790948722814531771609936173025409730576614214291968363416793
1587461453369140766045368165244659636888620443549665465532627538622352340537305909939848836553691186445423657285422555192035778589428987487970408949866181134443581379309749781218527602133675143224029431540356958768522078921623472138454320426614165671810337155637907275044379757724260236375715063784583673313690086064085180638311020056289207286320130824372539995373727901951676633575162455754307854929488868915654056116416391500838675534175492989179644415077994836043251237047417994724910022421785567323739768935488207563733327400976639432532471688918762821419759671010740463815669798524035237965794610037416738345978481628420778114270114056404737915867944281290958702947776470562238355696022291194226400574076736477346542751169811986553518433204730296871004994476727798722882492772565618798536275849853522659606331154737347773483943726964944979717035588043490
631661369024648430144135181874512076070467460103382002751235405779938044189334841749713745171716219779480144435035485330
-1627145405932930349115506753526484300973733632628180479842106341761475088938870061846578673484764631447097169688736240184931232470112474987146292553986102291574668298091199346374096003989975435054785926645691135759050998702375078265439372714678315426980733414164232642736565102198272975396826928291187939158952606195286616589337842978919533647579167941199973680792179077372262706183773763846772190230072485388049491692484919339009787582950365998581729252503324924101583553291393789642181712533191
+68257882748786709069217301286812387814717117920530837579677145145786397025873349085114056379224054239091228888135226484063508612975192145119673369108380723260029513614472514721819325911659176919240750061929923092693997703407759145197385224186420747665132905429246069584118802904577132179264360628163505877307102718926570970765244864766700778193088366638815620077617443543172093323266752342128154692284000845256291236067528835170573558575762773048164113830265164734437315698123155488861730495504902235165874401655618427351572509237337162922801585373307370629746189726664923185797728790067139446245832396252248203933046817294699154164219036145483520791730586018616317604270491619342116268289798842042257481359573244993442212567492654919443303219689039823698235923610689189475129863608968674326669921175357482731211065070390638347835977683687502876828966516723202220418381819762738625178820474420907663911617924433609793473087211170352459206910402
-4306884810826791522727253562144798202519332650819083275014825524646729702415295850042383838820986861145455252868201296698004093737990677517747084208906922187014970344002278180113442214365095571462435512885630993248819130264358349699107064171251955902968416063635632232716962381752656452632444365648501226217102959285972207270274761532247121792543279159546560595779610179626899177790196466580155932177342571221201362557049873422709585492748025504675832322876282332742471554172474540000644229122477045589316392604085622562264497406445556123193754156985941337971596652208145740641254994239560339379524986577000905958582761282485520309234417243029302834208064655560269297577331017474669168629232476112121815372968712093217318727635048183125313995362414578630694562600557735281936664535760819988420933995888308126167047783221437705132484923934753703968392800516083794460352967059127712075245053
84614423494509232475976276524870414831723516155998846968387817944407450504813496121632347081367951917245905981362002201517496666652469025420038468291581837421367480205686801823668240171911036282164160481366286196913701974544868431344245
+984482413263612047953859432624698914767686017948530392721498528873358537965723868639751205369849579274059218033752462149358780296690892757543425801038895784484579765793976595995151544648925532131957483631842076102180042964125393550751238651259269224525209666839831824724095986099775687467609002158737584238915698377945763107972975629483406817366909446032638277647608769733117476447140899989028229027878190112107292216644054900154344305049516816612842677678686345810221520801998551568343844579510
9926170770269758585739245721459398719574478563145580740653486770223986952909474727841721775072912373215116931255428734936
+7865119162598791715676552824588528511563765873600868996170332541115675597955515008686319357792296730725160269686701691045959345
-5778448935951421574170111846930847494388783618517386362634620247200554244731019852217998068718391721087915224665552053071589694012883508814336260474224929983722043120725770180869429070276141912264876843222988625577057709695650700382717296287858048159542857301253123168996986530265619094273038713484980615173143330750336631881267128382774968585494128584512489503732928615099827540735951099438471728639854716521627850780996180093406636518733366717090300019765103839748004869232536716148008231171819413758775521014669346754557795900420513333642998488047927630875297743891783125449929430440244541753924289417814060847294721534139748895082064575242635299562365693905781009873498349434152027723809613456078022123682685105165300473977054678708114270096662527914835920496833137928693377950700292254840411306391074968661265564050679710468384708398119585489105872652
-29527523355748002951477832783243541459808626808438471152085059525997284030282623429620967586650187058251443485381554588831172157676746303392864108751710866382705860257200207034791592463688912334629952280391179741378714404232145989131777201270175846929034029352930679816557339974204249754210923183321113897602839581339759047796458217200755436917678466444558872051089040812123059116681374372131824412715631140657736425582569152035416292741696759200857780948721269734961918273249187928256689109980715432977007878981240476221257028450785665448598743194610440334196082502016264359397771193709295296076621142421604870225259974329622156626951353682980551528834960452950449697474585471132343772322820363044400466445954563292524534143076928709639134238785152257004904596848681165042022065627750131337030090456989935815103185740271685561920922426716021413641063612611647508695431853068743982257469245905696540246546829199099896249548799879977794472313543084826400397435808162460021402492888344951061183278249
-255431652436685702420815128178692456734085238972877863628167450742496678184112748043241131559841386787189506573282130789187527706811417495728819624386936335568705078692467097575565012146865304029814711755606571677646593346264713988322902237821425460906095229345968894616612019781985997426687016615670905490603857272814374476007704140736239064825354744650924381010473495005949293355523792413306430034331763179542234604512225479376773481120652895993554522430072070965989137266416318387582266262166089706423979561459318171211030947564611059005940185915344716450058653669601164854314202171291400821650751502204450130840037915919925313301158162638434156864893484817934594830662531810710248769546950245872318020152009462669948112937766817126743034885018916059952049535959059493863460971958826372703822994630012637081092062025383901361549719833461371643537453640463633742799265933837016599455344875942443628006285964668
-720000357297840198380325631947376182395668105161746667789743967804645435171982666128155935552083146352525662731928672414481772889045076780542472988385450769111267003603062001715243661932189740516829387154326430484306942183660137334089914932918485334376920767736316709646903269109553680725370470160327115358747725510353502516010827178459678977390807424314396029301423347652033961615451770301292251673221214637721454073897527976901398804344724475862781609108179681298568002017042918786630254554410180470331889569680839354538850945637429617257183551368911836724518391297694684845947654990422624649380471538285065726171490854517992955653505741570552073450790
-266521466103838045086229864217410416012772024302017252916844585747087119420924384306159702220047126223867301640974804791802424465260426764189722933692872935858489840397970961462467241516578764796710625225833185047101757011081916608953130439119784399255356174131886875791555077608379180793015174022982256866804948851185113058528610092398692247119511720158641727291368235148339654873305684860581358998988538977244471368
473272337361863131820725374858780990236855411525458000880600832551227746154931837349678371301152593359606913008658883535422841433109490705775482526324146207757771697640308167454674947323445775004693831761809911662855128639720074294780049777390189976964561652352235676161157521608820759326954477449154538570301366396409250444735022549128197859587030408507554514518252548831756962757688149393649290391230844664732994828676502729542966765918269581943757422434794223620430040529221607378771477744337798036168891865114598106345339543047942281237003176903952203621400743380473144358773517751337926396231946922600738844342734637336148121977913156105170673960744268015215353899527971242885168925629970413572920861770449086999055488907082924666605617356013341697884189115874241
-77909965479670522558328009563055924119960446496625967068096628604353075758319805180786910556177197984349091658958883088229599354005210214913841712989051407492877771071586454757496991208488253187727063484436077710455211723535555220201221523961916841557744914154083426582115978732508596863136341457176073220283218990020463246388802464539760458122498900447023894888581361585476879280089893912585498323595740807412574043946005369563807461384771309301983527037460297157207090852930443554273767295086456134654566860318016830608127915059742437231596196544500380239507979937075108281596378859385111243479930376428039671873716741277311337490008138222498341937926355794416753458873597770044966699915857880878879386361303022814928497094347795404673747
+6304316438922700332482393047012900541927798876771576362327111760212987162792675280082388259117113616172567679881655028236718772788340835668872143353421991254374047090015217293590707985538326757654357378133113615985568984351839256857198502613521581254138364030353921532219763641039061249947092684382362465439623684602100806965465508657612556387767502402456656278528357685728168723649831859022221510959735286254842481483348705541587490725765223987607394457998474962372233963065612873030165060693992442814906419613180600340043326279718839231174799494874029606807159699169968343075601151754053056168908374360588939766166420340937879696075538271
+3468123204877673723913018242683520839660790509603589141240097823599842346663910586566820266096799175153212285351205093339464971183079286071149247104780897197844388483968156842624404584809036275869318395175706645412535153301535981207247734346080348651577948812160836469193761473906040848862241086512447132272408293422211962387415227694938569188772466773347323634143333639060870160892744582083296300377681511502578163
-82358104007560151341017086709383780925709962094671630735748919298623509186584457124806625654195196628504769575519273695888409819097716911117278751220579267191383867908734114976207962359191792091994308049466607025337594564459759077064160863911481668034152505266508160570613358098854594116658865326427713296482655878928361881203091547979557708509396423609759245767893855687872641046173510442395030000739972001857416219970645836049976384418547
509401015263586128704950906237210976295069347522821219765819582185324845366901295666857855965687895582244670947392714397775070756088462698677499182305688662851609277494290751710883001694996216323407683939441470946185321552340219709962536927630044061288737872441302376866679217976796465363612839031990293596071573857805320503628202502153271412562537546097839785384936179240188875194442632812971764163109553940421370510790541321331892746444621715560225829324033317707072280304073683608825128174120861695692084468991216732939176231479806299639048524297203932562434236480431852562625101850683344545207287283318034731178163529575078661982252266649186466059370996995601332837561296319263269006484005752371487950533248639055449590127772157275878743821692046285533219648288035723825930996048507835886314279089170165674763295097289689235279071320938860324682833913600684283630929280910
-615927401744215266802763725486404972368828910335561555823766187102660659809441999714301
-758630845555131360964636267544843560368583431534500160471273285384774285579847185453658263928298625605022113486456128047476512103454232636727982459259791803702335678060872298440021472458670896706101401353107143678985914755708493722323619894556492819527002378489348574821517843112615725699527118423571058440874616416877098418040097129231359674326118975277657037756287317326621202848289875246754407263006440900664907435199103290440681570455884860655664808298340319587067932169986180651945332104
+957054205664644609858809989471409944942940830228592589467852447009203697413474877723222169821233995396517522570330931188615327461393075951248999247582038252633250434351227867040561044547712825716737731316982052969482932821125294801530828776033927185141687679799521798833818136049411288833632450301130078182096711249498502502128280084894177527539315055362559468539144648666414739967831038122596003631106507467439337296922802437750589009797191041966944491372289164092843039231042288661010699078832428253599915091327750148034648613570692744885002750945182811099734778107677153215831686203241198436014727148214156475349274665434682255899519353901876890858125878601431
+456532057386201632271044167809387375034027318547329785166776449009313793614457566572387862660208845838148859994735455589636350914355162116792617341093006568955842575626088097029661623219829277810461760381491896413364603686339968041160949963716586895161616166396154550849502191704406788862760587643782322583818957877225409880752032843590852904588961604806857599791967851888385599548986852554257164100675539678500342687704235993881684281809846591061903138843749912387110242632184821458647669880041862389772217777932253156267934328710091876735939547826555060673685887549388167666952696450774990378998790513712346220558240987038244973531968674175085135691100565274544583943699014915536006407979209643577460402697888587627978764231412537681456535747890076915255635334938679914029680865833860069808275212731614145882230455266071787315940
-306279189544094571940665866676535891866627082533559562929769246802507192172069671186995305749276272292500364483806263293177447714565016759399488090359203682209109059182599400994701104237876205116547976142379122570079091409866707701589394254617684882393357745608335141451393545282791825017706097360975173055892064150163425270844159205823775237195435032628740879813117887328853690864765540721642648777400765792390055346948111342678969527582436894918270951380060781086481073208133384683064011747393080640334460267432255746570723117771047142231178654196728767521414848557320066448356686902583221571433275188323135560860324764593490946237343829811820517256998146765300835355265999312686677422468532268963103099089307927735475110949219668392297191282700674934900803662954257672903917112430500044656875288899398118188954607432002573071499821070508997929741796360584766837057175404752363344557322705579652751232870289897699160013429268950564444889267984087901757223644774676
16927655806997699815873425745603904156119662002072362301236079605059332480823635551567249299918285062263343126901382770265403316635086384882338714678111043010047927849094946762991913950382797592945230170106328929371832143217742774321482882101042174292565900837247076743247698053744005089966446071910502181068887571320721695960544588325925528273569384362205701645852683397326107971323773670766583920695213149535083500316103171699191755525577469071006025194051535779105037514676478512715932378478954622334451730164547638961342684777647591895814247198233253066654163437112550059368457507435578968687126701331837383446309233903403568058345849405330544084756657538848865014043207558582977509586517384317407937862568750310506945409249504838870145820596743200915410571872068713649097235234940316656062537674614773393552881205266407107940403161748205432127471258348886873160908968915782192074251841413808373164055846439136118
+61422167473087809899437919616605623621023091904470822477021123832280579464265472922571544649509509242368165654802847929980295942578397899671775548352054589770051310941090996455503602792715962688836243556019215088273721830605230995105635316475809634391236792862376990163922266992910569383392802873630404402846752682519518640609295393321955416370374735178713599476259233441685635049336175379608471669077408146715110684423046722373160105711667176994285128494425071
596203502689208642198246142924518965625712120928998078695077183586864652189503196972375541059661346684678453486414657009164108636470329817922965287086201572035516887053919405009457684808659131331366999196199041965581687676443724235761956881318393436684966911289141767175305327812329319508193619799149591632690740081280085661823042975869345503211946201437614937446450551027930833921932439309369138818217086249342311237308738887089407437127921483751320357376209389500028697990743973889244276288578599019252353880396511994207074568824512768764816773329868674116439387472855814335164718591271160513800777061106879136903766427014034179265779946178718542879509329168131641956010962710903283871201479099321998734824096075723250627718457675203974095507633359480260120376922145446618209558782367325541110023413924
-2166186143515873423820512776899105066062824298002495228539302861662443443038708866938727587606543080437671507473176516347994591957442386500440706730124819345785749436496892712270220818973660170710315840483512104287260791505391569098817721250707610282915084222118344374743365373488812717340471557805189983498882876269017269073604335373337202443401195989678240168594438621265783190977020961900117312673205465731325099174816531560496453465271157085113052649729462914226850752254303751016915627846307834741786262597872056133777415281247043834976270397546773
-8193178725163195311837295127081886589736901275341926209866396541028550052698193121706352145620638463614900405437718224015012594583176673649743700915753087240133101769291001794255593789487412352283284396732746668697386624162410607573380102552899017916314821020241810370343897038593367544314411179940715760008578632205259753584015438797868754193870339164209274037722624123682119681667166575283450571505926232184937567651033061851336157408536696678970612461488298932817724295376428398137134251937137593329688613402922689694282735419386695744035674190454014935034880437245753915851654083351824685863268
-48384477390251679563706846786250693582489288210712823714867037815878628479538274769577298640146741854995774580983737512766306978172052688244770033140031200482770000233908780598748646054526756122286987177794656995111101180156663453612270495803207476293855562709929114139493817450679082535594414356670471428880804015010837897976295435817510672797635301733865137560688605803062005616640316112778680305468039732897891194499089993542135551973234109677773135493023790659833168074194144495045259123042811320681961363540213214881397001901223085509300078871926863299188145704861921682872645683196962503785035
4417711825969125151958923568724998004449689463125905480849693357749126172881448120446253632322101211379235939413954613554332749952867870600824949782790724443931481899050629228921662259517078581946873605648460571160794838863532250128194891452021638160293472937275510099378222829179370491080009876525558318362826002331923522103899979614728325630877908992209939170666559710986247812658327209453448530422250431846643973417751737682986859723193012
-857628130624764795346675763003741447592977897232978145454012108803072780949756898942957901000070366528642734269103947118871434197219624438282239272051451240290959097788358693921564351538518529952881151966664978829827509100975253008369682163846519332671621981131756525123123928084672057411554902011248140702717417278474162332918807899703749421852803148213493634412379027420807998187825117077413116019399368177305634432859058233478217557170983836536117013271117560347885312690390264279167537599103477870951728057678226935773785098996538437975173599793256554597320988539258963336874378802144117832402909554920787866459194969174212725554592570805274296707168407723
+673432826206349858276191382015133892474133265019253810320437336455024299050800974473553804948039924474084518397745548934519198579092942003046271184971747191969727057733398605411131095726237271160143378595099378600480
-8524514989496494337398509192388398695938002588075442140314014084316708090641217444030765323843959083742843200851951562922823034499980181941595755233905011595306239253534632695654330436379305199142294230288083419173961949142708872629879309474472769591141063052923760921619721961381541278516956351904936118742355694290132754303689825359531166565748103426188400161033025378985434327618388175534062938673829706924262968698589805116881576288942672970060616829998980604086653580062886640825092485129274119450784094778529075895427900540395527969420987949474267326802070259742744478345220689184431624527933602508
29577588233631656538756790577322600629886449223581648473
207847243881705462108173570299501414319756561553905889853577931614710537666292557869407507388539251829116085610225752168703134633651903247047194563214117857226870706799019880459282042289209743352665227944589301685435286791091460914925519915107990183287928200889449491835081
-390828468608336524805764378236871979044552274178165782000270659917997065190855728605014372575439648577480198298062752347140543379219027357086934013029643968704959150790937047180803233865057421500675229450988003838701683049628519166216485900738557776858943342221779825354966761
-64060617627300594434103540437225872234210500891681388706153714913322675523500478049307083785438124463097412760938854391149744756879327393736720286329004733492412301212711822212898178733129590066623735570285547
-33195325315188176660610120452686679744695853494405572364466573549739742124950711906512850354654236274185040683219073203315232453840312153401583555333806850476486509003835524604631808749295736374631418822025969995053005419872960460787954867527916241638657233316434931859002364087732493864765136311635765547273995782682150644281908191673443109148182101971100920722283025576154815546617790052187469892055185221546615979675479035390503370683331006989475170683060550023728258819851342157599243971816045342145998678550184360778646897276653340814206072626624883129612008935795135991036911118352879360108129322058812455017153879211246226693658466225938401883535715197374486816356527433335337585208856838269465379061655251847210250633723696075832824801311246505148740805008282430208110448164227569124
74270762538711204647054362029431653640455494752349993755657716803108014986462572383551624782584142816960618719645852376045982367024673302190586494630323374883659780368615104281539982545346739999021668139859150413477787446547816676043851091971199499124272150488479827159478010258033370415
30351823866726262498670762165830016196436058945364469645878729835396444043574266027625138213166957066524908803744141015149400810006762947907447118181267619052297153137434745532169213451227548520498835174601184507486296189404331224137031782679369698894752322811584342934100339892987685636846295797320622477096164294219346638633142618205517984420837775012457585880577899646026054525328192171667536366115137765742901635173648508386209399740985420623836510818460199077519192440830520490336564909663484790466131989657098958484501193181670930379773975958090614011266139101810391280540925336248366573616762448006303984568079395319856784546770598120159867601326309256674075336714065307000710251920940428531434846182893202320592633792623764201666392479895448284686103375964822903909186793624740819793976857851815144562258433239913906149214847677593210898538966078422035967782678050345444269464338720986583869810676650769823
851313800986456798345957081438001178894807896185172722147456077896537518406248944727466496392652413727132381044055786388509221380285614734927047921111354182322293028898020378935105888525140600911257109204578443126505325004856142511815923256498622991728377292784001890657312906112220340476552049265530045373803352350281553232819021380577492329415085706092545175757467579158644154492432790808122520241749907880487295430890791803133590625389417418997736115386868889186892774468012182302958904564465384261050553
-1313471948975242442875842205279072998537562731554033730807944571391291199278772073653764963803489179399691625246093648456883610988307075214381945007102767671615676751751898188200751911247604819703162672361600637026709552652635143136510321311223322775164583383113794101838936480102901012873131531143083564281572604386303727038569571241184143700080727394562639806377246746118330123913907631437501097137138773576337155334482410912435971800276125718726212268456424997761639659942759960165083122566401326359884355996630526403568444176552049087642276629062283760545628289010958383094217029374581368455064702892157366301666388766975252450924043223899001890357352447991850408560658220917397683224450010675521743697057532599896760084350385289679052864388010654945574301607889216048779304648571275548773874414720997162312732978
+927102635574684154035886702131901996849331095504207521116164222124399084121152281443699483164517987247459776719260953711751957744416555249311521938571478195900377558221197848732375634688478056791796375679714432115935699733425641121990957471368380164414390299927986214616018274873046920417014314888101697115306131067997494337830013401851567915885561811137180646888039123516561834086526081450640992572215464495406844028170093820993472775519991223802211161944471516103439996565187207240591684937730783018885097890243051129222992768168614486636408358510489511325271748984562955944958487189081069577056821422738341201136270169396780401051245221320710773703994161091478851463983759049460958427390248282843970813087023999372308054267015149399964327893940179962939081720597817822175277600133063558236167343217022167409703004156688828107963640298869544676280949339248126241213686144997706855397195055541921184139063879880568595499566957717985794159792661806972665911034916971722265561907084009626484085
+210013540870184644446050897487764412341909189456213730783406145835792027502051101241652687727249611560793260412360869455400631895906297563652763080970663427481976352599821142483813539584584314979715924546357757438739400831009629962978988046982056712650627416977354640554215966698713500478838080004458862482970682612601046332793246315093688628757978546267139840696381649579352570489588024387974368096093187724078054881909663498129684640048537036226133759904210795420335728491556151147366371281040493373873437012271246837796324447377542615742344619662713105669312824892633108227189419160498012674927047340625599659156337691943437502002482337575933143370471926587195763748716095664901681309606055991498459804393049450123914168296014668994651056696467805847677217573460305097560786910646683946140331085004198269066574240956017710313784269974275959323041
-9910521834024258667570259710695503813359867436238259301285262923037445426018652426131173403139645133914963847001182634200661699525491635600934380975975600667525689875727200218929790416360749528713608483483428736042298708808956886457884805506581744265044316157810742962939359134274398045833601844298694714465308667867877107241346843153725457178429129505639498333321719205598946195082965270937547387118958296544953093493792112117500809888296
-8939797802571033798208
-8238172532583318614838430932487604500213820564849408415930917178194129003257574817682540775292347059778491742379220813336818716812968486567764438369880115046724023221559748293515174148143619596270220748721101470395300150398880456297860678128842999462559731828583270903778202909171604630433402555096685861101417095165832639398875023479
620590609731627305233174454152583173497657012357457415207531552951263651959771344641773364624712116969370686885027911487375693672469066552823766188290929424181682660081054409
828225957072629818012324859413515860943887
433903122307521587760949314086519521358539374496054819944698722066333322119919341721978565408361326097544411052191791551399222094067449708120599881583152076115149151840092796817556294786422625603628106609479842455114515086690469844218717699861886748437173254111856077641525658072978518875771918494582770643635453260
-65942731018679562248075056649598007226012418448333562073898286463640335649677026992934785679173732370786013435416478024188596328729577093184999061243222758425989076118089695304641083159796146861646024139955268197079348213316719092492674652290669227240831183834548388120155451611406498754170656981191681606382867480723979918627258941742293
-34137741124677657600762760858499291219706026311312051891362483363627781400972797347028242006233697207155247937173067584291444339518790022082555679104269334752995156849239277971933131571601427534465033385816320179550931429814394349662035219462754797801542946109660960601115073787665336227209798398413464371959696821648667521331
-21804100
9397323050378416906390845661575001257724047326770678450734147410387377394230600301325864702616291217697143680163548080105492711167766481776168597940466642951181971249396788829297819297827890528020872383605564869091777402749570389940863260880669301417904543091149001616711422855312000545790880898255429939480301431255762203001004856238041479137218009806672764843307653406945411463717648034647279158305601782190577058411566849906180141591180238996346111508052925148576653225280277380913976053298029187222733392517489576120703959286042349084493665872970303736780012387552510319871742576554648954389056646493956071420649598761001048941704906596792288069580828852693498609090375095550730
-3731045787851448958431594731912055717441730677057674227973356343413050935976671582728290192670822476574138738016957209832298191835252277535551476187259340124415039884253542918576228198846930649630951808469886109939079840167590795133257488934968044777078181094234217280024523264438376264584462050079555606736428175199398300329069648451093674550691131733763022050426872980701616865612066518190836583702647857758344136965438507787211468990897106029834593451389965020955900930580712007603284389599944361407337165071407698973295662989125720435904069320354353556556637487076095277447401764888659257674832985848208678134293157808660973519077124683041172108284568255841095996917292979993350218473292358887922915591155733859280904142848319472
-31103226579974837650966107750079057187128072644443219974752126703055019726384119929626650076674588845766242681434639818218189863733592354163102110148553282811109284036813747246939892540777463279581122396628473817915903890884230736872150200427783771758627695293569897415865499109359033696988673477500733807912393816593704875915892730177567016970486305843413722477177127965323295992146780614664060393365334743744922556221078365809763090977861177620952180278900994776038689851419560573068296655252517358904983431464644746733854520430714575303431257366194539154110923474732211800570312662693841355399216060571700727674704224958915732422642596550862365650617266025341891146459785047138230080678010407796771501370281540558376673186786028790032417887211191081824360109362013084970304836957895915668218848709074821323936951737581777023902611180366345973410596984660704927189364828380769321567766318035200786510689
-951877110
368685585581398521939068872131197243729389672609013090107993699043237921172445570289952649427176176735611148527068506175934777033718576672292056444953571177361098201030280615779517840006714020169212570897309814114315134743180904814983077492172
-5484648943928909273893811905150351095311086574774508865520132697592741388085511727622485417837377213167074682467141156064795873870127713426882729104206580255640386356443921240744705120135984764842523109534226032000732087008176754716680343066721928512651861655941268009308442754591286713721134335393538683464029546137047487493108451913959099085042577257441779471153872354848829448756799519878231158157289635135353318301790877535867470163440736546956506037004119586735760441616440790026238104282367894589199702156841689045218087707132722902916227036363545597282959323630438073195060559615435535701567116120031109200115681730002773181185110549101010985421040770276186756673297473667826963490626861110192284132205443380955263321990381099526649189840306608588089665450435110017849525111086
+22058492974311834262705174738855302271505324006088442905209459221289498540718971004909240684762519114029668647385664277975181863537869372541914595168525083190366460805178116428053595599692053134325006849117091369977394219837153295535692686847289744496257962813672381390164554376930526365624581348498256688030722554307794219481276307587811899812816484893364823150673555583434380194665424907168733069971835632291047808812517398743688570725360322314567101912613536341644428447352969292713546328068699985450094541156365719627765407584562188482052498126211463452524413274117847201822308880068566870312653391039405852853442773744891230178599667388721902976767837319720851152448595413888583880116857248668353792936433772180736378468287311980726290237451828605678818011556286100936316989215837271678509568298785032
+462828455892425239198782902143356451602325252203435644839026282297417626849246745234448263258409606827023964705466261456779086179066614247748386718523347502154276410034144845445752447388814539893426057735370227942161959580815519793494917438239841528985906451120881708945867632069958291154118863014297701373842611627984588316279214986228562506620394622183918172383145016036075857836020077834525748009669830343866604613270407932291805676664840631254919112959941167424511223099346785691665989965116577562447257820648795482246055617051293599921007752502001297824646805246632224205590968378716
+140881971846052582803124519626069929562932258255210557611849427170022673898336769314567156970007885693246266957450212841138825974772429206442427196373989179876300416109298972176103922914637318552868155428142263260366318869888895942404366724267281843118641455644784126117278080638233193759628777168407497574331775937954826498363586958713412485587692619974503723775564394412957716127581081607304048481788190046108887011791417352950674050204374140194086729441262771198594717057629800327274911504861407328836656095703172105900472715961855955447497667817247288955231575150105431879197996363313479013574302080582502288861055560281191589961235878245602722573705910580139389982778906465106117869010283029368938471385956475477406353150812619060831589869937102171782105075986973373672540937228423732784379716791418302285213181693105811792119352039700107782722611
+113948933587657184344300121389114561247984680957653369732276842359323321649249853183071930631638584533796301152216221808602379177804533429411255091816862338073035019149849381982720705953372498355371196587064570640094745056903046934736036196409893475953872102254827592796854
-10806606442233277956533377353623560149072550633095621097691221582808709777769833641612753391150349672072533177791871060292608287611704635430741182261407505087029195272716002619456479268767055116043631262579619914886082134120372161362194281135632380343393383861317232575867497478484161088836447059461501936709076241921989020430640896728964186907803467752699248108911661232970508944268411390558911103373049889201012860773016383688840282468837060809939114026577893603249284887239626983541286119759806542935112001597289745844648537159386289338612843323929595449004016281589415977878803194401350665575619490737005127793730585702842921026651521758337070484437453443175261350955965210889845926568188609443291815915155845353563370715903453769715364277177046519926782936341185899331882964820519317184045469853988869839184466473963277413949463415024454807042887350996535820887519618432372398039625941131400007612252380534010490572728698820206917367479
28076589931633197738466114420556480195953383739305331087862561955212904911114734702548751262628331317349159891618145970349068588300764929919261951398157167956458704212900262623863535840133441082366278283000773950896552025596388171995817046746962281925029490650808040346413977016565926459271932031673110187163048805103292949507329442002069771949205792705473538682610433343194624344880645311484509625609824274372033986369071029181001774947238508690546933452550140398022802795811617562009177266068323185484439791507511044319420903514121069629126518483513624427726612330036641288456017563367709617128298233292339150662850545921
-9212718579289734536419410211326655472789725100711918293944821873902437878215845223147826440183722751531594619512301285983604678818262839624765981401183288719096808072612498717442865158417730745999986865914398298592208260059638548519632675989549813899052
-834941241918125392507815001416302019748500979392453290520224501590132613588191092186976692981826086995791935575171897120570532527427281776419540303966237398686024615183839029194788156671114006445126468359272290150329693652500318176447926815518316906905352106788684888790439571112986554764752256103264435038146687283257222895755213478282629043171670190770619165937507132830074556618166922592422854365477857389444069703206781794673656439923699210457111900988894017771068683081325946449903739
-23463590130955643030438936156125819444583364551064050851566176837321421437289426404209320582726456362497136932293449961377933055886346541059199745659972130495519210751420693524305032916562314381334430662908939629392597307528482610502290580685114866951693785392340869580512537935260267910499411457006372249867758484514203547074518938542202409606909251477632873459768202636019404093442402187899725486376189144890678264058045
-7408086064888803065401913953957414790197853136205535009593178743174431855364134074499000583519861008639528636368918644669101536509147693529605504435758042356230062489655480245792807424972899583523658707587931495147070471241544464160769153542609677010615557446286596374193304466672595986846590652055483581474907529787706467554630764615253856211447294307981490241050075961610894938969025331727608459609418387389541368570159023240714145902669145378082017910458404344858047525648683199294850346147668777398173767453163259084847134323575744678346938002840378032495272558792595879586335849060847711979326416597124472902982939311133729855949717569771033210108651762224300123781309271291888670231323121000398991334797380908428308439899820140457287838165
3319389863944012413512918786676868626013857691240883036797914341409745592550263053093343718512165047369753501793863140165015488350573034743164141020292468911098979607333298475622190472524365167839975777857135053895150057304933484677979283330350843661427093282817862261835733625857077914737834577128430004310146584567838382094521758349457023792804606186983011356680366446033597465122893116566722956122157724358242013804352574307465995911917858271986878880465866838364763464061434751887707119312069876342533653639119033852231197053391529431961923722957917147850352878071235811734108840638603383053230761991592982707719967931775
1384455528897595074575711143854753618578354335411847477766009063430113742459526946361788335421042352564885340331093667277746593346364479445850802312489643854128653614034729517360124981958105990900927515794003911390136576596574263357385927219723062602359917671054898855759502381640920728417390993014568275749729660584605172606152807763423825127215988626569111969099410533371698958233945606660107996961613756398545188183619530857469828781133250297220444144122711968687890990379108393851594923956802020630719358020608240443406249436318109331427304315368304184471823740977900820112868203888306583504908682777241586952
323036321683776455712428448992959608764611901009710627778611808537850540554155779927869418072326848518409684799427290403156407808730872173889167010659600529006178575698434568946406173997084867847488605038530310032921541712043884096996966701504270605631616765219683
-991964812787873742773181888843259682878281416672099041033108458581391851831363239588305333181692721050626256733496470663877266022920772308629252086263940600797858238909843247634993023800796487958198513563673429964114696665143162854776275719204228199839847337051500443495355010551741995585447135755459349761405705602128661046245681206663800824773583944619581124631921504743423892408889249419851488226691467396919956372309563571937147110772319288548052094227243707673311936441600521402722874216870822642981654369912124852399657452045594346680367250667379875501477030067774584659650827419921510406467913969696404127222526531173829998905314289703323094948484033150882666629232634868943318962266730346005803790699011552093898716996743681924017362342346310859617031880704489674471175820126032313533827363425612413547284640853479389955139465
358224096503071321269750713725201105510966971964928665403310181784098662386552582284380929067389195384718952740879248169646917889728495918433833577561579755960666918715049735933508002592827310714078372099549536824356423907666767381032016000226585062798957897842793464457069625503145258267940164553303479015706658304223115187788269728645911493142796712138650195098883219651055654650976872915217275520375771257378968168961160566528717349638947291108144465918264548162288611314724823812119388544033151032243589286657829894849726454561502405431909296503996858801615598388983672506389230066928501983290528821201901597628683677498504901512396453620178883444063198272439107330594087406211239037775132679290348075762448257603485780525733077856770302785602496030365826355136070466395551831128960339853164692283304264682754866266429048117529111235509393725885304566735057189397647291968543526825887188081577184018307921009911242678242368
8579146120205382467576408460786658466171177987759815185803858234017542052831033700632743408599471714517668425018229294654898189601840126832854382960552717470949775680799079404922215292462522125579908773264497800852953425628434400023967028386920853426407519549452344544920267792703534622923586280605395277145567038096584480693814759065483198991205370418042510831149365276608806656932347818448464693463568437790145303232328708614910653832997330288553530166893975547810035479438757391690159327402329840569296368636026
-45623106841164418046189818839211912623130799729753412175126353722912666178784696810442317035559133128927764300664857553646827979405399337652765657490509748184830965453520424231945259674607822789727980507698911404476519117005802454849896089635688349770567803648351484210052698536344858913288084499932341406478127099600905632174378164629787637043707822449128692919425238412083766767599816003364079482473858080264467600498944552899003633434532650082890480447381443209416586769453568958966202857168143393153305302470528673904686507155621585072813484056390070338781946808214617766335607888059735392504759497018449914652177744820312
-879745002245068496698842181540323542232437250267815432412875238050454209834021300511475235293355640269844730960469735392953305676674806948404488822337422065637171348348152286602501615987725157289872935052976376447875419102011390841574693906261000212692599775734724186825999910252
1545903328735317476356959403907075875570898332683005825977675342660442379161972920530820
188031886128393381014791852808238763890510799591604810695428233064918030860849160995063251932158540657798841552066013072160455762208194499042241513024080324191477993709336280859739876601785062167319898412485673137270109756940220505187069498694578589375921426064688207050900021358673236785365052715102081235133051940768765225614939895314980798907455627235621973318236276252122676754455888934675592380964134681886028882723433741802572095751781251334485896811973844004707400167929748439463740321141414080048745252734916086427622672740246049806603437462614644355188359998469476933275662687075396660379509266218336913342161888756533031782149702902
8583234855801176374339808717777829873214323140762514305070161783405112132116145711242170217947244661654430871580781299967608709420998349245095874923362897467737692168082413888105867366589015091764743320241519316989176100026689426798232133747595371489179192268454882819692612469126289872170592664635509385141637540977040333221958892055847573335970063140507337532208511427433986748619045734262851406695681988609801590761358187209192860824985560123435761526533460011161118920807786182482312897611133958253047910125737624608433506939142578803381155855585242454456657266
26505720325481242057562363639888160117069778874061388925761274195946074452920203200488270155879215328209293517108192968281330103354638463635227485200194187372969254347204085231252559510175511338135273876035972790643505904833565578514279177691519743293939581502044833590920406243404620947362244128473043142787110960472296216303695029810236274014634937460859903310975614001400466759500351144752668820295038822115731184482739948452698827823896624536094666708760328162035493642375308262820589992157664719137034375446010780638202764890749461772033300067682105512067903091547763231237077986812271753566607820452699678381601251952900524654758297114386413441486759651481347909721763735364397430315809136100383768905963388596982642429402620067038123672908825237465655122362382286887114897812538573201701952500721520576304287628896
397318740883575338827499628553909443576741245727382031462353278658294606836041563380036334422250122564564522157214534154955929415338391374461767408348145045842326173472785754147611115618499297321919339975389474663309162899089603124004264133062379685236244708944319052269927986225740140826128318713652463276338920916379991162458367548573658851685628735940958877706728426479298059087550977850966283746791751383114155267229290498100489517232472867794017854960669206840779335254528107274161662814003951702300312546904076916976709138648656976867508085758064276539730507417274026726264384694162906338646194507443131228093479051471260056090781042888343839195265649725263388749891672162
-52295759135244011954435167102300768182674248308740844241371218804857163846953579875899040937186027932551558662556003721520002526022730342831706454581423043672315727584385176853250103585174363720913786287475515828538978086310347888989323869935816514772144483929888941441513226194180727067296646158750762486065862174178426277337400087078854604999065090008239955732427866369636700805912710411288152892059087866091726926650147290172666474877186615599411277924995787617629490833870780795718109121678164938799450178096080875385059187436268640341409375924019738632635536502098753080969972048252719982483036704031217290776087403359192864316056499027407580233506282934297385464558141470713598839630362084902175759076480962114288477651747270690381602629929284516000248510508400180374176255008799650569147657456660340978225591639207533756846938498101672238723060922080236145855103188883364474603664482501706910840600295961796080276235479883442516495326437633066
+3377809963185884113962188178041599100231325248434938015718152262944199846371751988391020179711382773537738879087844974278251830915496125019391230240
576834952688410293686672784285514629858007568131351335366627259847678114763844732016495565844727415512854279345436376236547956880535629729577192727910476551687133956784557694140903304193975204888954074232905692785356218665722663697081272486277327165857097819446428044242924734865183564681410256434075289487463847953958463284367489495466748655413260115119869388846843566124826199085296470122218384347030664991443904966978046683029409780246464609279710455407656514119583955722249745614193689157332659715309236543301832191383763311544119563901643673350005132152279070793477121337288082538647651038715765008792576691005375789949865041746362769377740791417575163580047192766608891480865114564412532581835910554342041504074770914616231990440046258756320781426092989524849206119475694092312901939333100596315327063
-1440615712972550036709488605430017930736356623423715696235713403479292447101096644158961777437812258341540310504030416034712296603202753368395184241633755003167114380040808545059727641846372719720749877731818638544658617261176994453438785223923364060432863094415850009475950138882316977080470222449499648821500961039037491424461085789238926952021076033428915320174763134245089020038732758187653111270206135456482048526314938079143811279952237035704795813597031765170415025355530986574572168053445990860932476946756236929343712454257000240412091541453015876493380691257766954209787236015112361918518048434177924725804392883821134039190223370880316836167387888906550487106250687819566629424053544737855034395633577553193061083927155061971507902835019278855905525473659285859863869793
+632191771791310934664704942726177665790732765096768943329437335918967623825342048391147972237187529405863965548890231618255759954986157604894960216037008141373087787203558709646182587458649683961389907087414602010194073761324161736535613100030727500879024283377637923402252546032947232847981112575618218295072721274412272725142457739941483632870078955319381802137861595170496042492866988224865119647911266049553210579398141195987886793258437501060426055722554155420820650376631442652198986423403891868698329687389444644135077269952914325841881728918496684674517136829804513210858547668033774219771514317453750276302327474791041177282302046908208676855459153009231757763733832103000048815132977432005046260084465484507980623356971762636157232713222025248777113
+9836624395415754731154616196198477921134014883866300159011650114338192545478705715563925042028025936892789609292862658736439005124488222227140696392196387485795540038662975531505764817872788168976298825280107046138771122438721109890764816643252187360331058519937353681467977431424621832258620861597647095100128671599543491668578628724990564210854082749550638086880604421606476577800692599196145786093404864974609980963700822833026462799021834118667914237081771117278787279415774766160354904726974843584806296208084964498450855911394464613291445164216909042792273837358611837454940720174541402428980202273265516267271067502643425904287251473517482374941377245589418283443198872677747335739903519685875429657472773511051068033872431964081126571170436099847071028386382521228867476649991709194094234589652305799448919715889931438653772
-925972796179225474076512056303003024995236464935406088418596635594519143969994529909312973054270479077118935861836008920935808401127190080815062493884517173653751150448491720836352986888956369779799400387088945336899368790922083742247289132568346499169576297403610887076494633795679856899
88685408493410449735698185447560014794225962562566618050492528509988825131032828028042278247750430028425180824901867434612623064279768084622019043684074052812210265763445145388877185594560690956381503491321898258484347695056626503044238971926125638752372669402403731
4413294806581739342922361788333442559891091072307887646398293442604605948216854737217916558648320063153108796035113799129826272423137430548857396493900255031344913392475431581949980439541187659213826253927163096288322338517753578056119641138845197994883689150473603970346700327541396603538015996844540756763661873898466409829977062776518770062686593440497616596152699636657634223955826922356973942656745840299511284494579255748012643725587258323036108067554609773556993120746592540896695406192417051684503621225503741666924615307568835142123687282517108802835464685736327103327515167201758043792875321648262702260186010325456400678128245187702659898357217430242823298113141467720341665869521446521166025001856256126682022293092111850570449698638720336904683313342788180868561259963236447010708301935016168167296042200764732776368666043330813762939210549703752195883042398466253479682757476876011874850497852718845895904655528098081823560163892109367528048
-30701531988416546409609396032103684165460038313194333589410479047091159780698141556057955830814901149660301956022974545389426855080004316235456939252773704358558683955705189043937365466212894574731808988158453189406831678759322170919755309160112067996079242267635751626655317505391539812591298515173592417289472293615989670893303123427946695993814135760466910517250500817365741991101247947212672709455104399340566368825648889888276860727260132376874219457580138884484215457764964953551710878437261527099283305600782782421061062371712371218854206236322967335157498290889313997073596280109066977532809023820320796006585479950759195305023942467782873243086141424563965532765141244989911872876358991831958560407134372198204257359252931986232012865519382879708300366326513129970189349325256488882535412550121404916800012629980620589586561
-445332384583685243814897181169351238494278094343459284769808373769266806073563598772039052729551352516211958503321655381676999789398558609411049422920130444073319880739352119865401386448343263767362127073176914230718579053088374046921433900487438921391053689308732693411699908176818177306430559184318277917692280289019074621398398380422637111179244070255699786798778192189455812950942911415893156550184775301518459632287814163003965034670096910221566178078175478512391224664482042443584559979398450595457877342522127216990540471902576269936709
-569170990160621157363361532514134715092840763764891861340844480941904212888948655546562048887062616332345797017307708896898204512851070431731712996804444226393624223851409409029145720860378139619845326760989440992281764828024114597106950009937639803932388266454110863494847129740480945078846432316065032004882333055294183282085641575205229163833872372684644254456482732080866045159928927782478504464953331691256812047891977631467445670102179413986965984357102860292961236223694545792786947650100673822540554306594983175988321429998
-83648554963406368150782040125921262280864903378989536079502882802157244461639195323360575825704168473488560517767206545837173359759518055652768272104301385498846287978823958637273011498759458744628500536750682925224053496541013039520874668898705702889314797938756894184205783893295849177215848515967669971201526468648350748698024085881597433021595750882517552806355338886032184693257162878799022267057194848916971370479549198731972004552603594683500391256049575290576173318397246102652190170668032301567546654521517130013106461387471657592035262665891834829750233485080112041416973602452788702068479447891791123907606791107090716873565279258882189376655349598910107036688647268736370874616845645067211208497926394468029316191134691467163992569509066461404063922
-729293673354201936237250522080362811948281039289169103729439974822133418179118670104797205992618472690976803303807204551134250931489924416870827311354135269047111162803638728692968956261414076830368687056356990967631284300313214924305049025882053080127181749401560557162640709784744647043792694641655069859389824409385528321352204003934026867836712989300591097144856819768575204398704805273360881317664953666333288477088669254511591757184561048650884187695112316713859359
+71947383400350038482382695799628333618916358117718741688241128269467526734472983684638740080204321683767628493157846293769707353614112491585034843303267344230111190294579301700785849501873190735472659127626552567352267676372473857883736082291116465117307105811872459665535554014430978857587185717659605771370972308154352685757518527763063639523475095028399257428587412686364211050856205329836700926615876045169334539194206139439826524969002648698086079470454239017142189935606183393678550373705219637870574146045714575295173510932149349435872369709527731105450342117849560475091467626371250926473267766561958
+85320536943475799694110486312938653485529653152669369657117640086920877422829502007707815851149965431184801877552603416387437229885290758051861572351449895791816009787703743633455442207962204846349022567770317796773303638630608494376641037036931498060679297169341747082786692876482267002836279972785225729944348785672004450741247311815317279214804496224162885851867692369292723968635060803206029018389319383053206525282742620296009472417072560254405516255523255818155409801498789625544095689772174617168873347610004344661240636135762295083644650829307641611299422792213171959324695872604176780587341422365108528302580948755194329762007264124425501971462235734479363305029007953248347289943572118988857760738928492154173448860210449411027721
-2525419878720955198099550258212396060831280030507056958027591003062003755140115145820156566822647413152440905270346037320935790997261175329050362102445672623733622004953260264126419962352106058488210614256754761540961597887526938576368404950631145316558393256374145133190326561806498364048639318861936079956987787531330522578432091439531267626127921050239955252893894174921798641414380824700054833727057182458718757100275452150274318848375066462226388106102123824219117998562411778988929750251461888914428923071999993974034052736669535519087702922080561829017846904168033384941747024409407101796895709564311977715436349997725249703759170616338824769980657888259195144174999212905915743206473514312348912375658731178191044619206684374011414345237733319633386246867334408783659227824473038848037655786382244706727506853106536
560733569184936911460665214295977389239918914160721282890652801946571895828858169856894290297703690865015578541870041984904236917914
934908946559696402100940254874857810503709146196152735937184332790532098534757627330376037350140374793354834937962873805616774098943718478554847498062826805525894195561812457328383494633089233397810223708548221
75484548578295729784911587598755184957776505854394745156208716298711200462484443457798852755810829356865467480324379139871916467855555981135409057859716873297823219413719812057185005602807324305266337577418792116364728891640184279735734611463101282839526104202224765279962631229023685620678760219184804346569674476351237969704896181126363680638697637641769045925261256585346470562119315811693849476178055720430717968506264523126949973462146236726444298317
-569622911764008714042855026350737086313313842372475790674594232713227741067525363363144591902450893817943901505919577670726789735832802236676803090647772527363268709158266287957213904915287613259063974930199856033674920117794011201496000909045137292690918655335118435293366620297095838412917995426673555755805202629639183882156668027103324452917268054991146114227550510603218434447865790000670455815172906534129489818581632469705126244395710793384040174357053310455804442623131392079746309166122188588226934095598382820021878201313928659372122167815121252453715403980484680754760758476242362038880996168769373862093869127934129850332900412714602947883490554174536925327220896118459653340896403693453302895014881525013453978801374662493592498235375978320062185299927545175154000228670016806047671248088461216788602997005559010421246284656511783244983082757736722410514
-36974235426228855930983042518617483928607096291669435538319595813376066564467153584155650292342007542535037352811663804719028360031927046340877790008765918693715799496102320249451551094750456127695379575254615287880503819291653554299478174162582552663111027592634966851197167474594012080094559505743224643061076489485455768728377919851051002432895332036309975342144925981577658064152852405445195026430394721330682853626641022312921449519574506830006565140537821677222014306642991142640433239908248196721167781866821289529780902334471378482856485439562971872051753726929595441392154728912166378973098531480321986068928198565689867270091642330922323957144848201725105898627063249313642053755892681930321049446838519206207987104592286727577682557738549741627532311346049291139504709025663033626103654051221060279674708738668389432649904858958813584234564090456855077923937214715554
-260297157109295428845062378193429445794865732135248542904347870745846698846360850042528401853260620143789108163806827568983657613200792902710976875535148557674101092227392336405258019445489293158670929753527767140733608957456711253188961172056559546700937510207229154367801773274779575779778911547348439169203892217586559104211694613057503131850078392786292478368728815675844697940362559200221731761878174435675278917248996270132785265941829765992355050780044443784611165576629102146244383562848896029021685854524515080865287490608953285495549534436597027328668075214040687641455156481913320433844249711641107365817660379781784827906852643895064944263977476832748517485404412059257404291123333532966355443700721374408523361448016370652995764221745589668258195181361034786431909858
-9060382748839970900643182511276042777283603219466021235103937114377624811926110095370331691275867958588882263101324947074657493696941865360612876623496373615372015214562690750379329396509559933298803405551924853147831903156768798431504866852346469181499880866572167123795115256490827929778921669737844812338973849759558049963975582229123604727177576368128906538510860489642202490200573274286931429836911460718986649492889704462656262465873063755771417100583186873575720531314441600758420411885899772908872961282834576961855249362385573207907892937097149631444039680601606018963112645828775128801302994808165968685073797980319909292274238153309648738309473654358513240634953
-2322489723491318791284433744191048030630751965327972971935873962881523420089680523787289686647198426869459766044746220787706458372560344315807478828088506352607212902386928555765236745155867730937087127121399858870804615015642212056450208859266213594661691781666311895546498583592030151279599493678360217512814991760220285460806108407794505672431481666971209205333742509199814714295214298542987960529518362215120797789364517702058109869510381243406009537412874283054719963638825408574124764232696387648756684769482666316340134427818293766506356474669454667804706701679010662868781796350818817982840201740321766058733766058319906878454150439282333901051759740714757994746967654953333070840372890470925036386718512222817276133396137925478707255849481398996875397
+164316070428385343925760440118340091466307193117177865493806748497914000040465281141989048452177352585168565535841208510432725551569294155735900923295379285303231094151405709866596804053296810200199792471965745476918225072660599308288792699076435590238730159988749150034287841028397003928643753159982213104695906493515832935295601922012857580992882974653102661344934289691618701601162185559523834919203870519506145319978235880351351647219348663387505821159058265548904981970136998944646148778871965999000262119801451527147662724538579544240644450911977396815549298485610128798504626107936442560519684878723783809401692127149461408892532439324815842798222262675526012754337452300372671111653712171026221805493935381788825576175558844
+5309593866424039306545773657508362518566001870955526028803126474673812476696486522124577872064479286063705618010179205263887744241908086848913170973951298938602116493231400737117532482034361809677614065945706361338809563877374893373281121404400565239232284981663908830266222105013533677142188628049823397604326016453277081077043918277313888586712765097976235118974215575725588916078834210335394774017384250778614871251336138380979899667879219645413752104363041836517703375817993196149846370427689885920355486148753809565714972826968184782168951124368158167169261739378070912344615305224472785496950
+8262011323888688111505937194494134606744940930118123439
-902020737805022567809938392917334513270018173265809294824999051153316777002906971360628277057098762187045458658148457158793900181726861362200648609574990593384992054131067061423918143086362902753308385262476278012751945500481960845904352001857423243773922737112612546259091032641446533295871544484296850363348814427034406470256720320744815762353179928747749482878191480450971407638963037633962257328620006734342695668631824374911832449509081819
8010612
-71369113307588390877490646445139364188188018778730790930111306083698008627146490495234247787538789794247891261088612024307653643595915378059903373898371736420007766444436458340339118731488632744164901004512224167723208792156005931848926637347653073027386450602819594645313266508738780292720309351106313695546478913505632599445885348512321264564394610452360384147086718986494378011835720180872085968392084841551785216483197788633006769196712797115659383141281475411746244402450200023912887856095072535664356995681899678108980008270703641869811304274715522458869018858371389560133952018511595483095902366786071203475515188284906104357117214671195566560997289966443374266203247064362017446280289
352305117757172848309882479607344933366684450063873951895963877125723234710300787330304502105675279303290393901977092991001833973562061400777785767324258082892389565251087985924738987998885325726982765017839827007798615548326657311704221770246458253246557363346128257553126105165256567076547714780212687352989724354940298148635627296843527333384521250362738373201858960191013784231907330515657962113201875025036136098193846581831601742369332355840997842913691181375957243024126746248557476023498988325097051733350703148090612637841868343271262054629082794391063052411537797614603293924119561025274852849462333334916057010415864979595444400220796720772981504004555742919025428991101625059513828778456404403678142633289187745468933307756286758140911549085282665426132397260240104443047241189647191371582012106002870253450621498706769263484439416392144747381427552647064215630243405752692468921645494956102474329167217167536596137280882528881449717887289485164051504183754
510337332286896395294713274186678090461118080818459581825170173064537511251708497193733852448318610825995978937278834334594922138240331092281796945063292903195702892068113951675465073494978656742565675545560641957604317363505579220579163928513192179617751783897559444161858909990560398506331492196633030897331347282172751835978994231387599141706731106875288995590948176342985790336237900485898855323804719735597362236554986920887914771346516024817797410969059779116530781552718755847026390317348627649881650564401504842144086854998830902783201427717
-1482797505291062907594394578346041872614644647100156438173768947077004580990087844615581369362192138473949431501453264690471956634530877633123924238538047456246213760536103953135075668089557745073417686424360219161869649983689580751814051152692352108041084758620328895346093578
