2001
0 + 1 2
1 + 9 10
2 - 3 4
3 - 13 14
4 + 5 6
5 - 7 8
6 + 15 16
7 - 23 24
8 - 25 26
9 + 11 12
10 - 29 30
11 + 17 18
12 - 19 20
13 - 21 22
14 + 35 36
15 - 43 44
16 + 27 28
17 - 39 40
18 + 97 98
19 - 87 88
20 - 57 58
21 - 53 54
22 - 49 50
23 - 71 72
24 + 115 116
25 + 41 42
26 + 33 34
27 - 311 312
28 + 65 66
29 - 31 32
30 + 69 70
31 + 81 82
32 + 37 38
33 - 125 126
34 - 271 272
35 - 91 92
36 - 45 46
37 + 79 80
38 + 51 52
39 + 55 56
40 + 61 62
41 - 255 256
42 - 73 74
43 + 47 48
44 + 67 68
45 - 101 102
46 + 137 138
47 - 189 190
48 + 117 118
49 + 171 172
50 + 103 104
51 + 121 122
52 + 215 216
53 + 63 64
54 - 139 140
55 - 251 252
56 + 109 110
57 + 211 212
58 + 59 60
59 + 133 134
60 - 75 76
61 - 99 100
62 + 77 78
63 + 83 84
64 - 113 114
65 + 107 108
66 - 227 228
67 - 299 300
68 - 149 150
69 - 105 106
70 - 89 90
71 - 127 128
72 - 135 136
73 - 85 86
74 - 203 204
75 - 219 220
76 - 363 364
77 + 159 160
78 + 201 202
79 - 119 120
80 + 319 320
81 - 181 182
82 - 143 144
83 - 273 274
84 + 1057 1058
85 + 179 180
86 + 205 206
87 - 123 124
88 + 241 242
89 + 165 166
90 + 129 130
91 - 193 194
92 - 93 94
93 - 95 96
94 + 157 158
95 - 825 826
96 + 447 448
97 + 249 250
98 - 459 460
99 - 177 178
100 + 767 768
101 - 217 218
102 - 169 170
103 + 377 378
104 - 111 112
105 - 153 154
106 + 161 162
107 - 199 200
108 - 321 322
109 + 291 292
110 + 131 132
111 + 325 326
112 + 147 148
113 - 515 516
114 - 223 224
115 - 145 146
116 + 225 226
117 + 413 414
118 + 163 164
119 + 265 266
120 - 295 296
121 - 933 934
122 - 173 174
123 - 385 386
124 - 175 176
125 + 303 304
126 + 315 316
127 - 1129 1130
128 - 281 282
129 + 243 244
130 + 379 380
131 - 409 410
132 - 313 314
133 + 317 318
134 + 195 196
135 + 239 240
136 - 151 152
137 + 183 184
138 - 287 288
139 - 297 298
140 - 141 142
141 + 155 156
142 - 167 168
143 + 187 188
144 + 261 262
145 + 769 770
146 + 373 374
147 - 221 222
148 + 639 640
149 + 497 498
150 - 477 478
151 - 367 368
152 - 185 186
153 - 209 210
154 + 369 370
155 + 955 956
156 - 895 896
157 - 329 330
158 + 259 260
159 + 969 970
160 + 433 434
161 - 399 400
162 + 457 458
163 - 971 972
164 + 655 656
165 + 289 290
166 - 279 280
167 - 551 552
168 + 207 208
169 - 197 198
170 + 667 668
171 + 191 192
172 - 381 382
173 - 627 628
174 - 425 426
175 + 213 214
176 + 231 232
177 + 1661 1662
178 + 1205 1206
179 - 713 714
180 n 9
181 - 257 258
182 - 235 236
183 + 397 398
184 + 285 286
185 n 0
186 - 1121 1122
187 + 577 578
188 + 349 350
189 - 345 346
190 + 401 402
191 - 357 358
192 - 253 254
193 - 267 268
194 - 263 264
195 + 247 248
196 + 489 490
197 + 611 612
198 - 925 926
199 + 897 898
200 + 1091 1092
201 + 567 568
202 + 405 406
203 - 283 284
204 - 1165 1166
205 + 659 660
206 + 1013 1014
207 n 1
208 - 723 724
209 - 307 308
210 - 1069 1070
211 + 407 408
212 - 339 340
213 + 501 502
214 + 951 952
215 - 653 654
216 + 229 230
217 + 871 872
218 - 733 734
219 - 277 278
220 + 1127 1128
221 - 427 428
222 + 1289 1290
223 + 563 564
224 + 437 438
225 + 233 234
226 + 613 614
227 + 453 454
228 - 245 246
229 + 237 238
230 - 677 678
231 - 1791 1792
232 + 625 626
233 + 967 968
234 + 461 462
235 - 539 540
236 + 647 648
237 - 571 572
238 - 679 680
239 + 471 472
240 + 421 422
241 + 341 342
242 - 521 522
243 - 533 534
244 + 371 372
245 + 301 302
246 + 629 630
247 + 483 484
248 + 1199 1200
249 - 331 332
250 + 305 306
251 - 717 718
252 + 375 376
253 - 309 310
254 - 943 944
255 - 269 270
256 + 555 556
257 - 423 424
258 - 619 620
259 n 8
260 - 1297 1298
261 - 981 982
262 - 335 336
263 - 275 276
264 + 455 456
265 - 683 684
266 + 663 664
267 - 519 520
268 - 383 384
269 - 523 524
270 - 753 754
271 - 293 294
272 + 463 464
273 - 665 666
274 - 1559 1560
275 n 1
276 - 1157 1158
277 + 561 562
278 + 595 596
279 + 431 432
280 + 347 348
281 + 741 742
282 + 1095 1096
283 + 1555 1556
284 - 323 324
285 + 573 574
286 - 725 726
287 + 823 824
288 - 361 362
289 + 415 416
290 - 333 334
291 + 403 404
292 + 543 544
293 + 411 412
294 + 1117 1118
295 - 731 732
296 - 1909 1910
297 + 435 436
298 - 545 546
299 - 343 344
300 + 1079 1080
301 - 809 810
302 - 337 338
303 + 465 466
304 + 393 394
305 + 517 518
306 - 637 638
307 - 805 806
308 - 787 788
309 + 1261 1262
310 - 441 442
311 + 355 356
312 + 645 646
313 n 5
314 + 761 762
315 + 601 602
316 + 643 644
317 - 771 772
318 - 511 512
319 - 475 476
320 + 537 538
321 + 327 328
322 - 579 580
323 + 599 600
324 n 7
325 + 811 812
326 - 1451 1452
327 n 9
328 + 1187 1188
329 + 351 352
330 - 1243 1244
331 + 829 830
332 + 481 482
333 + 807 808
334 + 507 508
335 - 389 390
336 + 535 536
337 - 1527 1528
338 + 417 418
339 - 365 366
340 + 487 488
341 + 883 884
342 + 633 634
343 + 531 532
344 + 353 354
345 - 509 510
346 + 1505 1506
347 - 757 758
348 - 359 360
349 + 439 440
350 - 1175 1176
351 - 491 492
352 - 963 964
353 + 1993 1994
354 + 1419 1420
355 - 391 392
356 + 559 560
357 + 451 452
358 - 495 496
359 + 839 840
360 + 1769 1770
361 - 695 696
362 - 873 874
363 + 553 554
364 + 795 796
365 + 1247 1248
366 + 635 636
367 + 901 902
368 - 419 420
369 + 387 388
370 + 945 946
371 + 707 708
372 - 1093 1094
373 - 701 702
374 - 529 530
375 + 1899 1900
376 + 1595 1596
377 + 721 722
378 - 499 500
379 + 445 446
380 + 715 716
381 + 395 396
382 - 443 444
383 + 817 818
384 - 605 606
385 - 1467 1468
386 - 603 604
387 + 503 504
388 + 541 542
389 n 9
390 - 1753 1754
391 - 1063 1064
392 - 1539 1540
393 + 835 836
394 - 993 994
395 + 479 480
396 - 867 868
397 + 429 430
398 - 661 662
399 + 1871 1872
400 - 727 728
401 + 751 752
402 - 1229 1230
403 + 1011 1012
404 - 949 950
405 + 1147 1148
406 - 1183 1184
407 - 469 470
408 - 985 986
409 n 4
410 + 1285 1286
411 n 0
412 - 745 746
413 + 893 894
414 + 785 786
415 + 843 844
416 + 927 928
417 - 587 588
418 n 2
419 n 8
420 + 617 618
421 - 749 750
422 + 485 486
423 + 467 468
424 + 1003 1004
425 - 681 682
426 - 1541 1542
427 - 615 616
428 n 0
429 - 1593 1594
430 - 1663 1664
431 - 675 676
432 + 1571 1572
433 n 2
434 - 687 688
435 + 699 700
436 + 1429 1430
437 + 565 566
438 - 449 450
439 + 557 558
440 - 575 576
441 n 8
442 n 7
443 + 581 582
444 - 1821 1822
445 + 651 652
446 - 473 474
447 - 1565 1566
448 + 849 850
449 n 5
450 n 5
451 + 1471 1472
452 + 1677 1678
453 + 793 794
454 + 1351 1352
455 + 493 494
456 - 801 802
457 - 527 528
458 + 875 876
459 + 621 622
460 - 505 506
461 + 1447 1448
462 - 1665 1666
463 + 597 598
464 + 607 608
465 n 0
466 + 799 800
467 - 1423 1424
468 - 649 650
469 + 803 804
470 - 583 584
471 n 9
472 + 855 856
473 n 2
474 n 7
475 - 1729 1730
476 + 1613 1614
477 - 791 792
478 n 9
479 - 923 924
480 n 2
481 + 961 962
482 - 513 514
483 + 591 592
484 n 5
485 n 7
486 - 1403 1404
487 + 1885 1886
488 + 1375 1376
489 + 1391 1392
490 + 831 832
491 n 5
492 n 5
493 - 1397 1398
494 n 9
495 n 0
496 - 1291 1292
497 + 593 594
498 - 1131 1132
499 n 0
500 - 777 778
501 - 887 888
502 n 7
503 - 729 730
504 - 1879 1880
505 - 815 816
506 + 1083 1084
507 - 1097 1098
508 n 3
509 n 6
510 + 525 526
511 + 739 740
512 + 689 690
513 n 7
514 + 877 878
515 - 547 548
516 - 711 712
517 - 1015 1016
518 - 833 834
519 - 685 686
520 - 1589 1590
521 - 719 720
522 + 609 610
523 n 4
524 - 1033 1034
525 - 959 960
526 + 983 984
527 + 1851 1852
528 + 789 790
529 - 1751 1752
530 - 1073 1074
531 - 857 858
532 + 1671 1672
533 - 1227 1228
534 + 1031 1032
535 - 763 764
536 n 7
537 + 1107 1108
538 - 1819 1820
539 + 641 642
540 - 881 882
541 - 851 852
542 + 1075 1076
543 - 1035 1036
544 - 941 942
545 n 3
546 - 549 550
547 + 585 586
548 + 841 842
549 + 569 570
550 - 813 814
551 + 1503 1504
552 + 1983 1984
553 + 1267 1268
554 - 1411 1412
555 - 657 658
556 - 1001 1002
557 n 6
558 n 9
559 + 671 672
560 - 631 632
561 n 5
562 n 2
563 - 861 862
564 + 821 822
565 n 4
566 + 999 1000
567 + 691 692
568 + 697 698
569 - 709 710
570 n 6
571 n 6
572 n 5
573 + 1025 1026
574 + 705 706
575 + 1225 1226
576 n 3
577 - 1027 1028
578 - 1315 1316
579 + 853 854
580 - 1849 1850
581 n 0
582 + 589 590
583 n 3
584 + 747 748
585 + 1349 1350
586 + 1431 1432
587 - 977 978
588 n 1
589 + 1347 1348
590 - 1641 1642
591 n 9
592 n 7
593 n 8
594 + 997 998
595 + 1479 1480
596 n 9
597 + 1495 1496
598 n 7
599 - 703 704
600 n 3
601 + 1407 1408
602 - 755 756
603 + 1625 1626
604 - 1019 1020
605 n 4
606 + 1425 1426
607 - 781 782
608 n 4
609 - 1233 1234
610 - 1645 1646
611 - 623 624
612 n 3
613 + 1543 1544
614 - 693 694
615 n 1
616 + 1455 1456
617 n 2
618 n 6
619 - 989 990
620 - 669 670
621 + 673 674
622 + 1203 1204
623 + 1039 1040
624 + 837 838
625 n 1
626 - 735 736
627 + 1259 1260
628 n 5
629 - 1521 1522
630 + 783 784
631 + 1337 1338
632 + 1389 1390
633 n 0
634 + 737 738
635 + 1517 1518
636 n 5
637 + 819 820
638 n 5
639 + 1889 1890
640 - 1341 1342
641 + 1283 1284
642 + 1241 1242
643 + 743 744
644 - 1213 1214
645 - 1009 1010
646 + 859 860
647 + 973 974
648 + 1817 1818
649 - 1231 1232
650 n 4
651 n 1
652 n 5
653 + 1111 1112
654 + 1335 1336
655 n 7
656 - 779 780
657 n 2
658 - 885 886
659 n 9
660 + 863 864
661 n 5
662 - 1037 1038
663 - 1345 1346
664 - 1277 1278
665 + 847 848
666 + 1049 1050
667 + 1195 1196
668 + 1149 1150
669 n 6
670 + 1269 1270
671 n 4
672 - 1235 1236
673 - 953 954
674 - 965 966
675 n 4
676 - 1311 1312
677 - 1763 1764
678 + 899 900
679 + 995 996
680 n 3
681 n 5
682 + 1197 1198
683 + 827 828
684 - 1523 1524
685 + 1893 1894
686 - 759 760
687 + 1537 1538
688 + 1609 1610
689 - 1219 1220
690 + 1825 1826
691 n 0
692 n 6
693 n 4
694 - 869 870
695 - 1067 1068
696 - 1421 1422
697 + 921 922
698 n 7
699 + 1587 1588
700 + 1139 1140
701 + 1365 1366
702 + 1639 1640
703 n 1
704 n 9
705 n 7
706 n 2
707 + 1113 1114
708 - 1721 1722
709 n 8
710 n 5
711 + 1263 1264
712 - 1023 1024
713 + 765 766
714 n 2
715 - 913 914
716 + 1071 1072
717 - 1249 1250
718 - 1463 1464
719 + 1329 1330
720 - 773 774
721 - 937 938
722 + 891 892
723 + 1387 1388
724 - 1257 1258
725 n 2
726 + 1499 1500
727 + 1271 1272
728 + 1731 1732
729 - 915 916
730 - 879 880
731 n 9
732 - 979 980
733 - 1189 1190
734 + 1465 1466
735 + 1385 1386
736 - 931 932
737 - 1927 1928
738 + 1393 1394
739 n 5
740 - 1735 1736
741 + 905 906
742 + 911 912
743 n 1
744 - 1109 1110
745 + 1591 1592
746 n 7
747 + 1319 1320
748 n 7
749 - 775 776
750 n 5
751 + 1673 1674
752 - 1959 1960
753 + 991 992
754 n 1
755 n 5
756 n 4
757 n 8
758 + 1441 1442
759 + 1279 1280
760 - 1115 1116
761 n 4
762 + 1413 1414
763 + 1007 1008
764 n 2
765 n 8
766 + 1823 1824
767 - 909 910
768 - 1317 1318
769 - 1449 1450
770 + 1491 1492
771 + 845 846
772 - 1827 1828
773 - 1633 1634
774 - 1327 1328
775 n 6
776 + 797 798
777 + 1151 1152
778 - 1461 1462
779 n 6
780 n 6
781 + 1707 1708
782 n 5
783 + 1789 1790
784 n 8
785 n 6
786 - 1845 1846
787 - 1615 1616
788 + 1895 1896
789 + 1159 1160
790 + 1133 1134
791 - 1841 1842
792 + 975 976
793 + 1153 1154
794 - 1273 1274
795 + 1995 1996
796 + 1371 1372
797 n 7
798 n 7
799 n 3
800 n 0
801 + 1185 1186
802 n 8
803 + 1041 1042
804 - 1363 1364
805 - 1563 1564
806 + 1943 1944
807 + 1985 1986
808 + 1369 1370
809 n 5
810 n 2
811 n 4
812 + 1971 1972
813 - 1379 1380
814 + 1141 1142
815 + 865 866
816 - 1065 1066
817 - 1343 1344
818 n 4
819 + 1399 1400
820 - 1459 1460
821 n 4
822 - 1719 1720
823 - 1309 1310
824 + 1353 1354
825 - 903 904
826 n 9
827 n 0
828 n 6
829 + 1535 1536
830 - 1105 1106
831 - 1777 1778
832 n 7
833 + 1209 1210
834 + 1253 1254
835 + 1021 1022
836 n 4
837 n 0
838 - 917 918
839 + 1979 1980
840 + 1043 1044
841 n 7
842 n 9
843 + 1179 1180
844 n 3
845 n 2
846 n 2
847 n 0
848 - 1331 1332
849 n 9
850 n 3
851 - 1061 1062
852 + 929 930
853 n 0
854 - 1913 1914
855 - 1515 1516
856 - 1355 1356
857 - 1811 1812
858 n 0
859 + 1029 1030
860 - 1833 1834
861 n 1
862 n 1
863 + 1017 1018
864 n 0
865 + 1473 1474
866 + 1987 1988
867 n 4
868 - 1081 1082
869 n 1
870 + 919 920
871 - 1497 1498
872 - 907 908
873 + 1047 1048
874 n 3
875 + 1089 1090
876 - 957 958
877 - 1581 1582
878 n 7
879 - 947 948
880 n 5
881 n 9
882 + 889 890
883 + 1191 1192
884 + 1161 1162
885 - 1813 1814
886 n 2
887 n 8
888 n 4
889 n 9
890 n 1
891 - 1155 1156
892 n 4
893 n 0
894 n 7
895 - 1005 1006
896 - 1911 1912
897 + 1207 1208
898 n 7
899 n 1
900 n 6
901 + 1193 1194
902 - 1059 1060
903 - 1961 1962
904 n 2
905 n 7
906 n 7
907 n 2
908 + 1135 1136
909 - 935 936
910 + 1299 1300
911 n 7
912 n 2
913 - 1945 1946
914 n 9
915 n 6
916 n 9
917 - 1869 1870
918 n 5
919 n 2
920 n 2
921 - 1771 1772
922 - 939 940
923 n 8
924 + 1501 1502
925 n 2
926 n 3
927 + 1489 1490
928 n 3
929 n 2
930 n 6
931 n 1
932 n 2
933 + 1053 1054
934 - 1877 1878
935 n 9
936 n 7
937 n 3
938 n 8
939 n 1
940 n 8
941 + 1177 1178
942 n 5
943 + 1255 1256
944 + 1287 1288
945 - 1265 1266
946 + 1123 1124
947 n 3
948 n 6
949 n 7
950 - 1125 1126
951 + 1653 1654
952 n 2
953 - 987 988
954 n 2
955 - 1627 1628
956 n 5
957 - 1045 1046
958 n 4
959 n 8
960 n 4
961 + 1773 1774
962 n 8
963 n 1
964 - 1795 1796
965 - 1553 1554
966 n 1
967 - 1643 1644
968 n 0
969 - 1405 1406
970 + 1775 1776
971 - 1681 1682
972 n 7
973 + 1245 1246
974 + 1621 1622
975 n 8
976 n 1
977 n 6
978 n 7
979 - 1481 1482
980 + 1085 1086
981 - 1575 1576
982 + 1439 1440
983 + 1531 1532
984 n 8
985 - 1725 1726
986 + 1321 1322
987 n 1
988 n 6
989 - 1733 1734
990 - 1485 1486
991 + 1683 1684
992 - 1237 1238
993 - 1667 1668
994 + 1437 1438
995 n 4
996 n 3
997 - 1507 1508
998 n 7
999 n 5
1000 n 2
1001 n 6
1002 n 6
1003 n 7
1004 - 1701 1702
1005 n 2
1006 n 3
1007 n 9
1008 n 7
1009 + 1307 1308
1010 + 1055 1056
1011 n 2
1012 + 1051 1052
1013 - 1949 1950
1014 - 1469 1470
1015 - 1275 1276
1016 n 7
1017 n 1
1018 n 8
1019 n 1
1020 + 1875 1876
1021 n 9
1022 n 7
1023 n 7
1024 - 1119 1120
1025 n 3
1026 - 1415 1416
1027 - 1547 1548
1028 n 0
1029 + 1077 1078
1030 + 1281 1282
1031 n 5
1032 - 1181 1182
1033 n 1
1034 n 4
1035 n 7
1036 n 3
1037 n 8
1038 n 9
1039 n 9
1040 - 1525 1526
1041 n 8
1042 - 1295 1296
1043 n 6
1044 n 6
1045 n 6
1046 n 8
1047 + 1745 1746
1048 - 1669 1670
1049 n 4
1050 n 8
1051 n 6
1052 n 8
1053 n 1
1054 + 1143 1144
1055 + 1601 1602
1056 n 5
1057 - 1239 1240
1058 + 1087 1088
1059 n 6
1060 n 5
1061 + 1561 1562
1062 n 7
1063 n 8
1064 n 1
1065 + 1305 1306
1066 - 1137 1138
1067 + 1101 1102
1068 n 7
1069 n 0
1070 - 1173 1174
1071 - 1891 1892
1072 - 1303 1304
1073 + 1409 1410
1074 n 0
1075 n 9
1076 - 1935 1936
1077 n 6
1078 n 0
1079 - 1167 1168
1080 - 1103 1104
1081 n 5
1082 n 5
1083 - 1551 1552
1084 - 1747 1748
1085 n 5
1086 n 9
1087 + 1567 1568
1088 - 1953 1954
1089 n 4
1090 - 1689 1690
1091 + 1099 1100
1092 - 1357 1358
1093 n 0
1094 n 4
1095 - 1367 1368
1096 - 1201 1202
1097 n 9
1098 - 1585 1586
1099 n 7
1100 n 3
1101 n 0
1102 n 1
1103 + 1433 1434
1104 + 1873 1874
1105 - 1951 1952
1106 - 1597 1598
1107 - 1217 1218
1108 - 1619 1620
1109 - 1739 1740
1110 n 6
1111 - 1169 1170
1112 + 1221 1222
1113 n 5
1114 n 8
1115 n 0
1116 n 5
1117 + 1333 1334
1118 n 1
1119 n 1
1120 n 3
1121 + 1903 1904
1122 n 0
1123 n 9
1124 n 2
1125 + 1999 2000
1126 n 8
1127 - 1445 1446
1128 + 1675 1676
1129 + 1929 1930
1130 - 1145 1146
1131 - 1655 1656
1132 n 6
1133 n 5
1134 + 1171 1172
1135 - 1793 1794
1136 - 1617 1618
1137 n 0
1138 n 7
1139 n 8
1140 n 5
1141 n 8
1142 n 3
1143 n 8
1144 - 1383 1384
1145 + 1163 1164
1146 + 1901 1902
1147 n 9
1148 n 8
1149 n 4
1150 + 1359 1360
1151 n 0
1152 n 5
1153 n 2
1154 n 8
1155 n 1
1156 n 5
1157 n 1
1158 - 1865 1866
1159 - 1583 1584
1160 n 4
1161 - 1697 1698
1162 n 6
1163 - 1659 1660
1164 n 0
1165 + 1533 1534
1166 n 8
1167 n 4
1168 + 1417 1418
1169 n 9
1170 n 1
1171 n 6
1172 + 1313 1314
1173 - 1809 1810
1174 - 1715 1716
1175 + 1607 1608
1176 n 1
1177 n 2
1178 n 1
1179 n 1
1180 n 8
1181 n 5
1182 + 1373 1374
1183 n 3
1184 + 1805 1806
1185 n 7
1186 n 8
1187 n 7
1188 n 5
1189 n 6
1190 + 1611 1612
1191 + 1211 1212
1192 - 1955 1956
1193 n 6
1194 n 6
1195 n 4
1196 + 1483 1484
1197 n 2
1198 n 6
1199 n 3
1200 - 1783 1784
1201 n 0
1202 - 1969 1970
1203 + 1251 1252
1204 - 1723 1724
1205 - 1381 1382
1206 n 9
1207 + 1215 1216
1208 n 5
1209 n 2
1210 n 0
1211 - 1223 1224
1212 n 7
1213 n 4
1214 n 9
1215 n 1
1216 n 5
1217 - 1857 1858
1218 n 5
1219 n 3
1220 n 7
1221 n 9
1222 n 2
1223 n 1
1224 n 8
1225 n 0
1226 n 5
1227 - 1759 1760
1228 n 8
1229 + 1717 1718
1230 n 6
1231 n 0
1232 n 3
1233 n 4
1234 - 1443 1444
1235 n 5
1236 n 3
1237 n 6
1238 n 9
1239 - 1981 1982
1240 + 1629 1630
1241 n 7
1242 n 0
1243 - 1493 1494
1244 + 1573 1574
1245 n 9
1246 n 8
1247 n 8
1248 n 5
1249 n 6
1250 n 2
1251 n 4
1252 n 3
1253 n 7
1254 + 1941 1942
1255 n 6
1256 - 1925 1926
1257 n 9
1258 n 1
1259 n 2
1260 n 8
1261 n 4
1262 n 9
1263 n 2
1264 n 9
1265 - 1457 1458
1266 n 1
1267 - 1361 1362
1268 n 3
1269 - 1323 1324
1270 n 2
1271 + 1293 1294
1272 n 7
1273 n 5
1274 n 1
1275 n 8
1276 n 5
1277 n 3
1278 - 1427 1428
1279 - 1325 1326
1280 n 1
1281 + 1513 1514
1282 n 7
1283 + 1679 1680
1284 n 3
1285 - 1807 1808
1286 - 1973 1974
1287 n 2
1288 - 1743 1744
1289 n 3
1290 n 1
1291 n 2
1292 n 5
1293 + 1937 1938
1294 n 4
1295 n 0
1296 n 7
1297 n 6
1298 - 1781 1782
1299 - 1395 1396
1300 + 1301 1302
1301 n 6
1302 n 3
1303 n 5
1304 n 7
1305 - 1801 1802
1306 n 8
1307 - 1947 1948
1308 n 7
1309 n 5
1310 n 1
1311 n 6
1312 n 5
1313 n 2
1314 n 7
1315 + 1509 1510
1316 n 1
1317 - 1691 1692
1318 n 7
1319 n 2
1320 n 5
1321 - 1435 1436
1322 n 2
1323 + 1803 1804
1324 + 1339 1340
1325 n 4
1326 n 5
1327 n 7
1328 n 2
1329 n 9
1330 n 7
1331 n 4
1332 n 2
1333 n 3
1334 n 0
1335 n 9
1336 n 0
1337 + 1829 1830
1338 n 0
1339 n 6
1340 n 8
1341 + 1477 1478
1342 n 2
1343 n 3
1344 n 7
1345 - 1631 1632
1346 n 6
1347 n 2
1348 n 2
1349 n 8
1350 n 8
1351 + 1377 1378
1352 n 9
1353 n 9
1354 + 1915 1916
1355 n 3
1356 n 2
1357 n 7
1358 n 7
1359 n 1
1360 - 1765 1766
1361 - 1529 1530
1362 n 1
1363 n 0
1364 n 0
1365 n 5
1366 n 4
1367 n 6
1368 + 1831 1832
1369 + 1647 1648
1370 n 2
1371 n 2
1372 n 5
1373 - 1755 1756
1374 n 8
1375 n 3
1376 + 1453 1454
1377 + 1511 1512
1378 n 8
1379 n 3
1380 n 2
1381 + 1623 1624
1382 n 5
1383 n 2
1384 + 1401 1402
1385 n 9
1386 n 4
1387 n 4
1388 n 2
1389 n 2
1390 n 0
1391 - 1919 1920
1392 n 9
1393 + 1767 1768
1394 n 7
1395 n 5
1396 + 1797 1798
1397 - 1757 1758
1398 - 1939 1940
1399 n 2
1400 n 0
1401 n 5
1402 n 8
1403 n 8
1404 n 5
1405 n 9
1406 n 5
1407 n 5
1408 n 9
1409 n 7
1410 n 3
1411 n 6
1412 n 6
1413 n 2
1414 n 0
1415 n 6
1416 n 4
1417 n 0
1418 n 3
1419 n 2
1420 - 1577 1578
1421 n 2
1422 + 1741 1742
1423 + 1519 1520
1424 n 5
1425 n 5
1426 + 1967 1968
1427 n 6
1428 n 0
1429 + 1837 1838
1430 n 3
1431 n 1
1432 n 4
1433 n 6
1434 - 1603 1604
1435 n 3
1436 n 0
1437 n 2
1438 + 1635 1636
1439 + 1549 1550
1440 n 9
1441 - 1867 1868
1442 n 2
1443 - 1475 1476
1444 n 5
1445 n 7
1446 n 4
1447 + 1737 1738
1448 n 5
1449 + 1637 1638
1450 n 6
1451 - 1605 1606
1452 + 1705 1706
1453 n 8
1454 + 1487 1488
1455 n 4
1456 n 7
1457 n 4
1458 n 2
1459 n 5
1460 n 2
1461 n 5
1462 + 1713 1714
1463 n 1
1464 n 3
1465 n 6
1466 n 5
1467 n 4
1468 n 9
1469 n 9
1470 n 1
1471 n 3
1472 n 1
1473 n 4
1474 n 3
1475 n 6
1476 n 8
1477 n 5
1478 n 0
1479 n 1
1480 n 2
1481 n 9
1482 n 4
1483 n 7
1484 n 9
1485 n 7
1486 n 5
1487 n 7
1488 n 4
1489 n 4
1490 n 0
1491 + 1545 1546
1492 - 1785 1786
1493 + 1749 1750
1494 n 0
1495 n 3
1496 n 7
1497 n 5
1498 n 9
1499 - 1557 1558
1500 n 1
1501 n 4
1502 n 9
1503 n 2
1504 n 2
1505 + 1657 1658
1506 - 1569 1570
1507 + 1711 1712
1508 n 2
1509 n 8
1510 n 2
1511 n 3
1512 + 1887 1888
1513 n 2
1514 n 1
1515 n 4
1516 n 4
1517 n 0
1518 + 1709 1710
1519 n 6
1520 + 1699 1700
1521 n 2
1522 n 1
1523 n 9
1524 n 0
1525 + 1897 1898
1526 n 3
1527 n 5
1528 - 1695 1696
1529 n 3
1530 n 9
1531 n 9
1532 n 5
1533 + 1835 1836
1534 n 0
1535 n 2
1536 + 1579 1580
1537 n 3
1538 n 2
1539 n 7
1540 n 2
1541 + 1685 1686
1542 n 0
1543 n 8
1544 + 1907 1908
1545 n 1
1546 n 2
1547 n 9
1548 + 1727 1728
1549 n 0
1550 n 8
1551 n 7
1552 n 1
1553 n 2
1554 n 1
1555 n 1
1556 - 1599 1600
1557 n 2
1558 - 1815 1816
1559 n 7
1560 n 5
1561 n 4
1562 n 7
1563 n 6
1564 n 0
1565 - 1799 1800
1566 n 3
1567 n 4
1568 n 3
1569 n 8
1570 n 5
1571 - 1839 1840
1572 n 0
1573 n 1
1574 n 0
1575 n 6
1576 n 2
1577 n 0
1578 n 9
1579 n 8
1580 n 5
1581 n 7
1582 n 7
1583 n 7
1584 n 4
1585 n 8
1586 n 8
1587 n 9
1588 n 5
1589 n 4
1590 + 1853 1854
1591 n 9
1592 n 5
1593 n 5
1594 n 6
1595 + 1649 1650
1596 + 1779 1780
1597 n 1
1598 + 1923 1924
1599 n 4
1600 n 4
1601 n 6
1602 - 1861 1862
1603 n 7
1604 n 3
1605 n 3
1606 n 4
1607 n 6
1608 n 5
1609 n 8
1610 n 7
1611 + 1863 1864
1612 - 1843 1844
1613 n 7
1614 n 6
1615 - 1847 1848
1616 n 7
1617 n 6
1618 n 6
1619 n 1
1620 n 2
1621 n 3
1622 n 1
1623 n 1
1624 n 0
1625 - 1651 1652
1626 n 7
1627 n 4
1628 n 3
1629 n 1
1630 n 0
1631 n 8
1632 n 5
1633 n 9
1634 n 8
1635 n 0
1636 n 5
1637 n 5
1638 n 7
1639 n 9
1640 + 1703 1704
1641 - 1965 1966
1642 n 3
1643 n 8
1644 n 1
1645 n 0
1646 n 9
1647 n 9
1648 n 9
1649 n 0
1650 - 1761 1762
1651 n 5
1652 n 2
1653 n 6
1654 - 1905 1906
1655 n 9
1656 n 5
1657 n 3
1658 n 0
1659 n 4
1660 n 7
1661 n 4
1662 n 5
1663 n 3
1664 n 7
1665 n 4
1666 n 9
1667 n 9
1668 n 3
1669 n 6
1670 n 3
1671 n 3
1672 n 5
1673 n 9
1674 - 1687 1688
1675 - 1977 1978
1676 n 1
1677 n 1
1678 n 6
1679 - 1693 1694
1680 n 4
1681 n 8
1682 n 3
1683 n 0
1684 n 3
1685 n 9
1686 n 9
1687 n 1
1688 n 1
1689 + 1881 1882
1690 n 0
1691 n 4
1692 n 4
1693 + 1963 1964
1694 n 1
1695 n 0
1696 n 3
1697 n 1
1698 n 0
1699 n 8
1700 n 7
1701 n 5
1702 - 1855 1856
1703 n 0
1704 n 2
1705 n 6
1706 n 6
1707 n 2
1708 n 1
1709 n 2
1710 n 9
1711 n 0
1712 n 0
1713 n 2
1714 n 9
1715 n 2
1716 n 0
1717 n 1
1718 n 6
1719 n 5
1720 n 5
1721 - 1787 1788
1722 n 2
1723 n 7
1724 n 3
1725 n 2
1726 n 5
1727 n 9
1728 n 3
1729 n 9
1730 n 6
1731 n 9
1732 n 7
1733 n 2
1734 n 2
1735 n 5
1736 n 2
1737 n 2
1738 n 0
1739 n 6
1740 + 1859 1860
1741 n 6
1742 n 0
1743 n 7
1744 n 0
1745 n 2
1746 n 6
1747 n 7
1748 n 0
1749 n 2
1750 n 2
1751 n 0
1752 n 6
1753 n 5
1754 n 3
1755 n 5
1756 n 0
1757 n 2
1758 n 1
1759 n 8
1760 n 5
1761 n 3
1762 n 2
1763 n 5
1764 + 1933 1934
1765 n 6
1766 n 6
1767 n 5
1768 n 0
1769 n 3
1770 n 5
1771 n 7
1772 n 2
1773 n 8
1774 n 9
1775 n 8
1776 n 4
1777 n 3
1778 n 8
1779 n 1
1780 n 2
1781 n 2
1782 n 9
1783 n 2
1784 - 1997 1998
1785 + 1883 1884
1786 n 3
1787 n 0
1788 n 1
1789 n 9
1790 n 7
1791 n 4
1792 n 4
1793 n 6
1794 n 3
1795 n 7
1796 n 7
1797 n 9
1798 n 0
1799 n 4
1800 n 7
1801 n 7
1802 n 6
1803 n 6
1804 n 2
1805 n 0
1806 n 9
1807 n 8
1808 n 8
1809 n 3
1810 n 5
1811 n 1
1812 n 8
1813 - 1931 1932
1814 n 5
1815 n 1
1816 n 3
1817 n 0
1818 + 1989 1990
1819 n 8
1820 n 6
1821 n 4
1822 n 8
1823 + 1917 1918
1824 n 6
1825 n 9
1826 n 1
1827 n 6
1828 n 2
1829 n 8
1830 n 1
1831 n 5
1832 n 8
1833 n 6
1834 n 5
1835 n 9
1836 n 2
1837 n 8
1838 n 2
1839 n 1
1840 n 2
1841 n 4
1842 n 2
1843 n 3
1844 n 9
1845 n 4
1846 n 3
1847 n 0
1848 n 4
1849 n 6
1850 n 9
1851 n 6
1852 n 8
1853 n 2
1854 n 1
1855 n 8
1856 n 9
1857 n 6
1858 n 8
1859 n 9
1860 n 3
1861 n 1
1862 n 9
1863 n 6
1864 n 1
1865 n 4
1866 n 2
1867 n 2
1868 n 0
1869 n 3
1870 n 5
1871 n 0
1872 n 1
1873 n 0
1874 n 4
1875 n 8
1876 n 1
1877 n 0
1878 + 1957 1958
1879 n 7
1880 n 6
1881 n 0
1882 n 0
1883 n 7
1884 n 8
1885 n 7
1886 - 1921 1922
1887 n 8
1888 n 7
1889 n 0
1890 n 0
1891 n 3
1892 n 0
1893 n 1
1894 n 3
1895 n 6
1896 n 7
1897 n 4
1898 n 7
1899 n 8
1900 n 1
1901 n 4
1902 n 0
1903 n 1
1904 n 7
1905 n 0
1906 n 2
1907 n 5
1908 n 1
1909 n 4
1910 n 8
1911 n 6
1912 n 1
1913 n 9
1914 n 6
1915 n 0
1916 n 5
1917 n 6
1918 n 9
1919 n 7
1920 n 2
1921 n 4
1922 n 4
1923 n 7
1924 n 5
1925 n 7
1926 n 1
1927 n 5
1928 n 8
1929 n 9
1930 n 1
1931 n 1
1932 n 3
1933 n 6
1934 n 8
1935 n 0
1936 n 2
1937 n 1
1938 n 7
1939 n 8
1940 n 3
1941 n 4
1942 n 4
1943 n 9
1944 n 5
1945 n 7
1946 + 1991 1992
1947 n 9
1948 n 7
1949 n 9
1950 n 3
1951 n 7
1952 n 4
1953 n 4
1954 n 7
1955 n 2
1956 n 1
1957 n 2
1958 n 8
1959 n 8
1960 n 7
1961 + 1975 1976
1962 n 6
1963 n 5
1964 n 3
1965 n 2
1966 n 9
1967 n 1
1968 n 1
1969 n 9
1970 n 2
1971 n 5
1972 n 3
1973 n 5
1974 n 8
1975 n 6
1976 n 8
1977 n 4
1978 n 2
1979 n 5
1980 n 6
1981 n 4
1982 n 9
1983 n 9
1984 n 6
1985 n 1
1986 n 7
1987 n 6
1988 n 6
1989 n 4
1990 n 4
1991 n 4
1992 n 4
1993 n 1
1994 n 9
1995 n 3
1996 n 8
1997 n 4
1998 n 9
1999 n 5
2000 n 7
