1000 5000
0 1
0 113 12
0 119 19
0 169 30
0 301 28
0 352 28
0 575 20
0 705 14
1 2 16
1 4 30
1 128 29
1 132 20
1 214 16
1 273 22
1 504 12
1 516 29
1 773 10
1 806 25
1 864 28
1 983 11
2 132 30
2 141 24
2 562 12
3 366 30
3 638 24
3 722 26
3 727 20
3 775 26
3 786 19
3 837 21
3 970 28
4 61 10
4 189 23
4 255 12
4 353 12
4 507 11
4 555 17
4 731 15
4 767 25
4 956 24
5 90 19
5 228 27
5 312 27
5 366 11
5 400 30
5 520 13
5 572 30
5 739 15
5 816 18
5 978 23
6 8 23
6 33 25
6 56 10
6 63 10
6 364 15
6 365 19
6 410 19
6 481 15
6 509 30
6 736 24
6 868 25
6 921 12
7 157 22
7 223 13
7 238 20
7 353 26
7 371 17
7 444 16
7 516 24
7 528 10
7 609 25
7 649 21
7 815 29
7 843 16
7 924 20
8 48 20
8 69 18
8 154 30
8 220 27
8 495 20
8 505 29
8 701 20
8 942 17
9 85 27
9 130 10
9 147 29
9 171 16
9 202 15
9 205 19
9 348 30
9 547 13
9 820 10
10 83 11
10 91 13
10 663 24
10 719 15
10 761 19
10 768 16
10 783 24
11 149 19
11 267 28
11 361 11
11 445 19
11 588 24
11 691 26
11 735 30
11 924 22
11 934 20
12 17 29
12 46 15
12 59 20
12 75 11
12 90 27
12 97 18
12 181 30
12 202 12
12 305 17
12 487 24
12 557 16
12 617 17
12 634 16
12 698 17
12 874 15
13 67 14
13 73 17
13 106 27
13 160 16
13 166 16
13 177 21
13 239 19
13 498 26
13 629 16
13 765 17
13 768 24
14 26 19
14 223 13
14 313 27
14 603 14
14 773 11
14 775 12
14 999 16
15 67 13
15 160 15
15 246 20
15 249 10
15 259 23
15 282 24
15 326 20
15 390 25
15 594 17
15 914 19
15 916 10
15 956 26
15 989 26
16 31 20
16 114 29
16 117 28
16 134 26
16 282 10
16 321 11
16 323 28
16 345 13
16 383 11
16 400 15
16 682 19
16 714 18
16 798 14
16 874 11
16 969 25
16 983 14
17 34 11
17 359 14
17 678 30
17 684 13
17 809 26
17 821 20
17 863 19
17 962 25
17 969 23
18 132 24
18 404 15
18 425 20
18 459 29
18 501 13
18 536 18
18 707 23
18 835 17
18 949 28
18 959 17
19 55 28
19 199 15
19 393 11
19 430 15
19 574 17
19 645 22
19 755 22
20 325 27
20 334 25
20 617 21
20 755 17
20 901 18
20 986 26
21 243 30
21 245 23
21 292 14
21 598 17
21 599 19
21 641 26
21 729 27
22 164 17
22 182 24
22 351 11
22 853 27
22 868 15
22 900 26
22 950 14
22 973 30
22 996 15
23 96 12
23 115 17
23 306 10
23 413 27
23 446 19
23 486 14
23 585 10
23 606 29
23 752 14
23 774 13
24 135 23
24 142 17
24 413 21
24 481 20
24 797 12
25 57 26
25 323 20
25 394 25
25 469 19
25 634 13
26 129 20
26 152 28
26 196 30
26 331 18
26 504 11
26 513 22
26 719 19
26 791 20
26 793 12
26 799 16
26 840 27
26 845 11
26 891 21
26 900 29
26 949 15
27 149 26
27 181 23
27 336 27
27 486 11
27 718 11
27 793 16
27 804 18
27 920 17
28 339 18
28 536 14
28 563 25
28 722 21
28 752 27
28 799 17
28 895 17
29 78 13
29 225 27
29 336 13
29 344 28
29 370 16
29 506 27
29 520 15
29 578 30
29 616 21
29 675 14
29 736 23
29 871 19
29 883 28
30 263 14
30 330 11
30 428 21
30 431 28
30 470 12
30 598 18
30 657 18
30 867 24
30 924 17
30 950 10
31 412 14
31 462 24
31 575 16
31 753 10
31 799 27
32 241 13
32 299 23
32 306 28
32 344 18
32 418 26
32 571 22
32 589 13
32 620 28
32 736 16
32 819 25
32 829 29
32 881 11
32 884 11
32 913 16
32 977 11
33 203 23
33 264 11
33 307 18
33 322 25
33 542 29
33 559 20
33 583 19
33 724 24
33 765 27
33 810 13
33 919 29
34 444 28
34 543 19
34 737 20
35 51 18
35 197 19
35 404 10
35 454 10
35 576 16
35 631 23
35 819 12
35 993 14
36 68 22
36 291 24
36 641 16
36 705 27
36 727 13
36 736 24
37 169 12
37 248 29
37 331 30
37 392 18
37 414 19
37 497 24
37 507 25
37 621 15
37 667 14
37 793 22
38 156 21
38 216 24
38 457 30
38 474 19
38 537 14
38 694 29
38 711 29
38 742 24
38 775 13
38 872 26
38 887 14
38 950 30
39 53 12
39 375 24
39 404 12
39 464 16
39 504 11
39 571 30
39 658 18
39 774 27
39 896 30
39 971 14
39 989 18
40 137 11
40 231 11
40 247 15
40 566 26
40 568 17
40 702 23
40 756 19
40 776 15
40 864 24
40 905 19
40 908 27
41 63 22
41 66 10
41 199 29
41 245 27
41 264 29
41 344 18
41 373 16
41 389 24
41 457 12
41 510 16
41 531 19
41 566 26
41 696 26
41 797 29
41 891 15
41 962 13
42 432 10
42 497 15
42 505 19
42 578 29
42 627 12
42 688 11
42 739 17
43 102 15
43 128 13
43 196 28
43 204 12
43 245 28
43 308 16
43 317 23
43 415 16
43 432 21
43 513 26
43 531 27
43 554 27
43 586 24
43 631 10
43 642 27
43 769 21
43 788 29
43 809 18
43 833 27
43 876 24
43 888 19
43 964 11
43 974 28
43 976 27
44 190 12
44 223 23
44 438 24
44 445 15
44 460 27
44 570 18
44 827 28
44 848 21
44 881 30
44 914 25
45 52 11
45 77 27
45 327 26
45 576 30
45 769 20
45 891 24
45 909 24
45 932 21
46 56 22
46 65 16
46 118 20
46 339 27
46 566 10
46 629 19
46 649 11
46 661 24
46 759 22
46 917 15
46 993 30
47 57 15
47 101 13
47 129 20
47 295 10
47 726 20
47 769 14
47 889 21
47 941 13
48 633 29
48 670 27
48 696 26
48 753 29
48 756 25
48 945 28
49 51 23
49 110 10
49 122 30
49 135 21
49 213 30
49 282 28
49 347 27
49 354 21
49 566 13
49 578 13
49 764 26
49 800 29
49 808 17
50 346 13
50 348 26
50 395 13
50 411 10
50 431 29
50 594 11
50 655 25
50 729 19
50 815 20
50 904 30
50 962 25
51 82 18
51 92 15
51 310 27
51 841 18
51 939 29
52 106 23
52 241 10
52 255 17
52 264 29
52 327 17
52 642 10
52 668 12
52 689 29
52 743 12
52 805 20
52 898 23
52 960 15
53 76 13
53 90 23
53 218 23
53 357 10
53 364 22
53 528 15
53 571 21
53 868 24
54 64 20
54 80 18
54 146 28
54 237 13
54 348 26
54 393 19
54 451 30
54 536 30
54 556 29
54 672 19
54 739 21
54 761 17
54 886 25
54 928 26
55 443 27
55 534 14
55 573 12
55 632 17
55 802 12
55 878 23
55 945 25
55 946 24
55 949 25
56 114 22
56 209 25
56 212 29
56 273 26
56 313 12
56 389 10
56 674 19
56 735 22
56 931 30
57 58 16
57 77 18
57 116 17
57 436 11
57 466 18
57 484 15
57 515 14
57 536 18
57 724 30
57 803 29
58 59 22
58 131 10
58 253 28
58 455 11
58 526 15
58 682 10
58 698 10
58 743 30
58 830 22
58 835 17
58 848 27
58 885 17
59 208 10
59 220 14
59 224 20
59 267 21
59 278 30
59 338 16
59 376 30
59 460 22
59 480 30
59 674 16
59 721 20
59 798 29
59 870 25
59 900 13
59 966 14
60 68 10
60 89 17
60 95 16
60 139 27
60 285 19
60 375 14
60 527 16
60 542 19
60 596 17
60 618 21
60 809 25
60 845 28
61 96 15
61 100 30
61 130 17
61 239 30
61 352 30
61 443 29
61 598 12
61 699 18
61 715 22
61 840 20
61 844 24
62 146 10
62 263 24
62 443 15
62 558 20
62 729 18
62 783 10
62 918 23
62 994 30
63 390 26
63 698 26
63 882 26
63 944 26
63 955 12
64 221 24
64 304 16
64 492 12
64 560 22
64 633 24
64 751 15
64 876 19
64 887 26
64 968 18
65 367 29
65 404 14
65 446 20
65 456 26
65 509 13
65 588 25
65 638 30
65 641 20
65 696 11
65 727 15
65 821 20
66 314 11
66 355 29
66 542 22
66 622 16
66 672 25
66 891 27
66 897 14
66 943 22
66 976 23
67 200 23
67 251 10
67 320 24
67 588 10
67 649 15
67 777 13
67 851 15
67 955 10
68 204 21
68 381 20
68 433 20
68 539 22
68 706 11
69 76 12
69 107 20
69 498 16
69 515 26
69 548 18
69 756 26
69 960 28
70 147 14
70 184 15
70 305 12
70 321 26
70 486 21
70 589 24
70 799 12
70 937 21
70 992 10
71 215 14
71 565 30
71 574 23
71 644 27
71 821 13
71 972 15
72 159 28
72 219 28
72 332 19
72 337 30
72 358 12
72 535 29
72 670 28
72 764 28
72 815 26
72 923 26
72 927 20
72 929 12
73 241 11
73 424 19
73 545 16
73 748 26
73 797 25
73 911 20
73 954 19
73 995 25
74 236 17
74 808 18
74 884 30
74 985 11
75 141 11
75 167 16
75 173 13
75 208 19
75 341 16
75 378 14
75 540 25
75 653 27
75 733 13
75 795 12
75 902 20
76 87 24
76 239 15
76 287 11
76 409 27
76 474 15
76 543 14
76 777 17
76 934 14
76 997 18
77 212 16
77 318 21
77 378 19
77 683 20
77 725 30
77 749 29
78 156 12
78 183 20
78 364 24
78 429 14
78 431 25
78 493 25
78 503 19
78 549 12
78 581 11
78 750 14
78 760 12
79 82 24
79 311 12
79 347 11
79 383 24
79 431 13
79 502 20
79 595 18
79 751 12
79 884 24
79 953 21
80 225 23
80 323 21
80 386 10
80 533 16
80 546 24
80 552 18
80 972 27
81 86 21
81 89 17
81 172 28
81 186 25
81 223 23
81 343 16
81 427 14
81 475 27
81 548 29
81 592 20
81 702 16
81 730 17
81 777 18
81 849 11
81 922 25
81 987 14
82 285 21
82 370 12
82 400 27
82 579 25
82 685 22
82 766 19
82 822 12
82 984 19
83 103 30
83 141 22
83 147 11
83 249 25
83 260 27
83 261 24
83 269 26
83 302 10
83 382 22
83 462 25
83 492 10
83 741 20
84 119 12
84 141 28
84 154 29
84 263 15
84 633 12
84 803 11
85 120 18
85 214 30
85 316 12
85 515 18
85 533 15
85 577 15
85 580 22
85 983 23
86 366 14
86 454 14
86 837 29
86 864 24
87 90 29
87 331 28
87 356 23
87 437 26
87 494 30
87 611 14
87 652 19
87 798 20
87 933 11
88 102 23
88 154 13
88 193 29
88 197 19
88 205 21
88 371 17
88 554 15
88 810 19
88 831 23
88 939 28
89 439 24
89 477 29
89 495 28
89 550 12
89 587 28
89 781 21
89 869 26
89 896 26
90 333 30
90 422 29
90 446 22
90 529 28
90 543 22
90 687 21
90 732 30
90 829 16
91 152 11
91 184 11
91 226 17
91 283 30
91 293 13
91 326 29
91 353 19
91 354 14
91 414 19
91 475 16
91 477 17
91 642 23
91 643 23
91 651 28
91 671 23
91 693 27
91 734 10
91 743 23
91 845 19
91 905 18
91 971 19
91 978 19
91 984 18
92 152 25
92 201 30
92 250 18
92 361 28
92 463 23
92 508 25
92 723 17
92 772 29
92 788 30
92 805 10
92 812 10
92 852 14
92 906 26
93 577 25
93 628 22
93 768 20
93 899 27
94 277 23
94 300 25
94 861 21
95 122 11
95 152 23
95 222 23
95 488 23
95 581 16
95 671 22
95 740 21
95 953 28
96 105 29
96 408 17
96 422 25
96 685 26
96 816 25
96 822 15
96 869 21
96 872 13
96 882 17
96 967 29
97 171 24
97 252 19
97 268 15
97 313 13
97 363 20
97 417 22
97 449 27
97 529 10
97 567 30
97 689 25
97 727 23
97 730 24
97 784 21
97 841 16
97 861 23
98 297 30
98 435 17
98 440 13
98 520 22
98 696 20
98 717 25
98 799 28
98 865 13
98 940 13
98 943 22
99 101 12
99 169 28
99 207 27
99 292 25
99 321 22
99 328 10
99 373 13
99 723 21
99 726 30
99 739 29
99 851 16
99 930 30
99 984 16
100 186 28
100 223 12
100 334 11
100 336 16
100 381 23
100 455 30
100 512 13
100 686 24
100 964 15
101 136 17
101 163 23
101 173 18
101 242 23
101 385 19
101 688 23
101 735 25
101 740 11
102 185 24
102 272 17
102 337 23
102 365 22
102 440 22
102 683 14
102 719 16
102 774 12
102 844 20
102 856 28
102 862 21
102 967 12
103 213 25
103 238 26
103 286 27
103 473 21
103 511 17
103 531 13
103 556 22
103 561 17
103 614 13
103 682 14
103 931 30
104 184 24
104 201 10
104 264 13
104 296 24
104 340 28
104 482 10
105 220 23
105 247 13
105 328 23
105 341 15
105 479 29
105 495 28
105 568 22
105 592 10
105 649 25
105 752 23
105 757 21
106 119 24
106 140 24
106 165 14
106 176 21
106 288 29
106 297 25
106 323 13
106 582 23
106 593 18
106 608 10
106 819 26
106 910 21
107 199 29
107 275 23
107 296 22
107 404 24
107 577 18
107 631 18
107 715 17
107 764 27
107 772 30
107 778 28
107 999 27
108 156 16
108 208 21
108 211 18
108 425 27
108 499 24
108 518 19
108 552 24
108 605 28
108 792 25
109 152 18
109 171 22
109 174 29
109 214 28
109 376 25
109 393 19
109 446 12
109 503 30
109 516 13
109 590 30
109 702 15
109 742 10
109 882 13
109 958 25
110 165 13
110 336 13
110 391 21
110 464 13
110 468 10
110 701 16
110 814 30
110 980 15
110 985 26
110 993 22
111 175 19
111 290 24
111 307 30
111 514 22
111 542 30
111 578 29
111 656 18
112 328 29
112 384 16
112 657 16
112 891 20
112 942 17
112 982 10
113 129 14
113 141 17
113 175 19
113 304 29
113 330 22
113 502 18
113 536 26
113 672 28
113 681 11
113 709 16
113 781 30
113 797 16
113 897 29
113 943 17
114 140 22
114 204 21
114 314 25
114 322 12
114 356 23
114 543 15
114 612 29
114 734 13
114 913 19
115 155 12
115 213 28
115 646 29
115 795 25
115 818 21
115 830 11
116 203 24
116 275 28
116 402 27
116 442 12
116 507 14
116 600 18
116 608 10
116 612 15
116 660 26
116 809 10
116 827 21
117 247 23
117 281 20
117 320 15
117 324 12
117 604 16
117 834 20
117 885 30
117 953 14
117 974 17
118 127 28
118 157 27
118 494 15
118 505 19
118 529 13
118 560 17
118 564 22
118 590 30
118 622 18
118 869 13
118 901 25
118 927 14
119 240 21
119 338 21
119 409 26
119 629 29
119 863 25
119 867 16
119 916 22
120 192 15
120 228 17
120 346 20
120 447 13
120 542 19
120 566 14
120 657 23
120 658 29
120 699 19
120 700 28
120 712 25
120 717 11
120 910 27
121 151 19
121 172 18
121 254 12
121 382 22
121 456 22
121 514 20
121 534 13
121 893 23
122 138 24
122 162 26
122 226 26
122 477 11
122 537 14
122 590 24
122 962 12
123 152 12
123 321 28
123 326 28
123 393 24
123 402 27
123 417 14
123 600 23
123 622 12
123 630 18
123 650 22
123 848 26
123 963 19
123 972 29
124 223 18
124 299 13
124 467 19
124 705 21
124 745 16
124 756 30
125 262 16
125 354 13
125 562 16
125 658 29
125 837 12
125 867 25
125 900 15
125 927 24
125 950 22
126 255 23
126 299 21
126 305 11
126 361 26
126 563 24
126 886 11
126 919 22
126 951 10
126 956 15
126 960 26
126 977 14
126 986 16
127 214 29
127 263 24
127 302 10
127 387 30
127 584 20
127 754 27
127 815 20
127 858 30
127 903 16
127 916 20
127 992 30
128 273 22
128 341 22
128 505 25
128 664 26
128 715 24
128 760 11
128 884 19
129 369 26
129 508 21
129 527 24
129 545 11
129 595 23
129 678 28
129 724 11
129 745 19
129 913 25
130 239 13
130 295 23
130 345 26
130 379 17
130 436 28
130 449 12
130 726 14
130 870 29
131 192 11
131 306 19
131 452 23
131 473 14
131 587 30
131 696 12
131 789 23
131 790 27
131 883 22
132 144 15
132 193 30
132 199 15
132 270 13
132 495 14
132 585 25
132 771 17
132 857 12
132 939 29
132 941 15
133 149 21
133 180 22
133 229 19
133 258 21
133 355 14
133 398 16
133 496 21
133 542 30
133 556 20
133 690 14
133 706 12
133 779 28
133 786 26
133 912 27
134 173 21
134 326 22
134 505 15
134 583 30
134 636 15
134 697 18
134 757 20
134 768 19
134 952 20
135 159 13
135 398 28
135 408 20
135 431 20
135 492 30
135 545 15
136 183 25
136 221 26
136 530 12
136 628 11
136 684 14
136 896 11
136 999 29
137 188 25
137 240 21
137 281 29
137 297 23
137 333 29
137 343 24
137 346 30
137 559 13
137 574 11
137 720 22
137 963 11
138 230 25
138 417 29
138 456 11
138 773 10
138 871 12
139 322 20
139 327 20
139 417 10
139 422 19
139 855 15
139 930 13
140 194 30
140 237 10
140 246 12
140 623 16
140 808 10
140 836 17
140 876 10
140 954 16
140 972 28
141 202 30
141 234 28
141 246 16
141 323 11
141 544 17
141 555 28
141 659 23
141 753 15
141 876 27
141 904 30
141 908 26
141 957 13
141 968 13
141 982 11
142 250 25
142 273 18
142 668 14
142 798 20
142 885 20
142 912 12
143 145 22
143 178 19
143 315 11
143 513 10
143 568 22
143 579 15
143 616 19
143 670 12
143 815 19
143 873 24
144 521 19
144 608 15
144 645 25
144 671 29
144 749 10
144 819 15
144 903 13
145 155 29
145 200 15
145 337 16
145 451 20
145 622 23
145 681 30
145 808 14
145 832 15
145 944 26
145 977 22
146 329 28
146 349 25
146 376 27
146 482 20
146 529 18
146 843 10
146 886 19
147 167 18
147 168 22
147 170 15
147 199 18
147 256 22
147 406 22
147 437 20
147 504 13
147 542 30
147 676 15
147 679 17
147 728 25
147 733 13
147 763 16
147 871 17
147 896 24
147 987 27
148 491 20
148 608 30
148 652 26
149 425 19
149 656 19
149 891 30
149 900 24
150 214 26
150 283 26
150 365 26
150 551 21
150 711 13
150 884 25
151 152 12
151 183 10
151 281 21
151 305 29
151 314 30
151 329 19
151 362 23
151 364 24
151 375 28
151 548 10
151 576 16
151 650 30
151 725 17
151 875 29
151 919 26
152 195 24
152 367 16
152 388 16
152 474 12
152 639 28
152 660 20
152 995 10
152 997 16
153 198 27
153 223 12
153 284 25
153 324 18
153 716 16
153 760 12
153 818 21
153 837 12
154 170 23
154 181 28
154 217 23
154 321 17
154 502 20
154 547 16
154 604 15
154 644 18
154 677 11
154 707 13
154 809 11
154 971 14
155 325 24
155 344 18
155 407 12
155 437 15
156 164 23
156 178 12
156 241 17
156 289 11
156 292 13
156 368 12
156 753 28
156 810 22
156 821 28
156 857 10
156 971 13
157 263 19
157 336 11
157 415 19
157 487 17
157 572 15
157 649 30
157 686 14
157 713 14
157 770 18
157 825 27
157 849 23
157 874 23
157 896 27
158 160 17
158 175 24
158 184 21
158 437 11
158 484 14
158 533 15
158 570 22
158 648 13
158 789 19
158 807 27
158 812 19
159 402 29
159 571 23
159 698 13
159 757 30
159 836 30
160 161 15
160 162 18
160 204 10
160 340 22
160 361 12
160 467 29
160 624 16
160 870 11
160 890 23
161 247 15
161 249 28
161 335 27
161 470 11
161 534 29
161 694 18
161 702 10
161 772 16
161 817 17
161 902 14
161 924 26
161 940 27
162 259 12
162 285 11
162 412 30
162 425 15
162 526 30
162 626 11
162 714 25
162 746 26
162 786 17
162 914 14
162 947 13
163 191 19
163 502 24
163 793 21
163 797 29
163 986 13
164 312 16
164 531 23
164 689 12
164 748 19
164 781 15
164 884 13
165 221 18
165 238 16
165 255 29
165 303 29
165 438 25
165 659 10
165 707 22
166 334 16
166 414 20
166 416 14
166 574 12
166 760 14
166 839 28
166 913 13
166 932 21
167 318 27
167 363 22
167 388 16
167 391 21
167 491 28
167 541 26
167 679 24
167 777 21
167 819 22
168 278 25
168 326 21
168 328 18
168 382 29
168 407 22
168 411 14
168 477 11
168 488 20
168 683 30
168 790 18
168 806 10
168 871 25
168 958 26
169 300 30
169 425 17
169 533 13
169 568 22
169 600 27
169 603 25
169 624 23
169 897 26
169 924 30
170 232 14
170 403 21
170 572 20
170 586 27
170 847 24
170 874 29
170 986 16
171 183 18
171 297 24
171 406 16
171 741 12
171 776 25
171 867 11
171 975 24
172 280 30
172 297 19
172 366 20
172 688 17
172 925 13
173 177 10
173 218 10
173 247 25
173 250 24
173 275 14
173 359 20
173 615 22
173 658 11
173 705 20
174 229 17
174 324 17
174 373 10
174 472 24
174 558 10
174 597 23
175 188 13
175 209 19
175 322 15
175 349 10
175 427 21
175 450 23
175 600 12
175 632 22
175 739 20
175 949 12
175 970 24
175 975 16
176 204 16
176 253 14
176 408 30
176 448 13
176 669 28
176 686 29
176 776 12
177 239 28
177 364 11
177 490 14
177 532 16
177 634 15
177 883 19
177 945 30
178 525 13
178 668 21
178 701 21
178 938 14
179 305 30
179 355 27
179 358 13
179 417 15
179 420 20
180 247 30
180 581 17
180 590 28
180 620 16
180 815 19
180 833 18
181 373 15
181 535 25
181 637 22
181 720 22
181 869 29
181 924 20
182 185 29
182 247 17
182 256 20
182 458 26
182 478 14
182 489 18
182 626 26
182 630 16
182 653 23
182 674 25
182 783 29
182 925 29
182 958 19
182 959 14
182 973 11
183 215 13
183 232 25
183 246 22
183 288 21
183 456 18
183 491 17
183 682 30
183 904 29
183 952 28
184 262 10
184 405 30
184 573 21
184 579 25
184 671 14
184 690 17
184 903 28
185 207 14
185 346 20
185 367 20
185 444 27
185 469 23
185 655 23
185 678 17
185 749 17
185 934 20
186 300 17
186 390 20
186 493 27
186 547 17
186 589 28
186 657 25
186 718 25
186 789 22
186 844 19
187 400 27
187 436 23
187 539 12
187 915 27
187 925 11
188 196 16
188 350 27
188 353 25
188 417 22
188 681 27
188 761 15
188 840 23
188 860 14
189 479 10
189 500 10
189 591 27
189 621 22
189 811 26
189 917 26
189 943 13
189 953 16
189 984 27
190 199 21
190 241 20
190 266 16
190 277 26
190 493 19
190 577 15
190 749 11
191 213 28
191 240 19
191 321 21
191 429 12
191 474 20
191 540 19
191 559 24
191 611 30
191 761 14
191 844 28
191 864 27
191 929 14
192 678 17
192 709 21
192 959 26
193 388 29
193 477 17
193 815 14
193 870 26
194 236 27
194 305 14
194 353 29
194 437 28
194 441 26
194 448 29
194 461 22
194 944 24
194 972 23
195 295 20
195 321 30
195 532 10
195 537 14
195 589 12
195 618 22
195 741 12
195 826 17
195 844 16
195 867 19
196 352 11
196 487 30
196 549 13
196 673 15
196 839 22
196 876 18
196 881 24
196 977 10
196 978 15
197 372 14
197 397 10
197 569 24
197 606 23
197 764 17
197 785 19
197 877 30
197 908 13
197 948 28
198 253 28
198 299 10
198 311 27
198 610 19
199 250 26
199 324 28
199 488 13
199 611 20
199 680 21
199 744 10
199 828 28
199 851 23
199 954 16
200 205 21
200 324 17
200 347 30
200 520 20
200 527 10
200 553 27
200 753 16
201 209 27
201 270 15
201 339 27
201 636 30
201 642 18
201 713 18
201 758 11
201 771 15
201 796 20
201 839 19
201 997 15
202 272 26
202 329 15
202 390 17
202 485 15
202 603 27
202 605 10
202 635 30
202 750 18
202 769 21
202 809 13
202 825 17
202 861 11
202 984 10
203 358 21
203 470 25
203 481 13
203 534 20
203 609 20
203 678 14
203 833 17
203 902 13
203 951 13
204 345 27
204 608 15
204 640 14
204 648 20
205 320 10
205 361 27
205 369 25
205 585 28
205 856 11
205 876 28
205 901 11
205 978 10
206 328 17
206 393 20
206 490 30
206 850 14
206 863 17
206 889 18
206 912 13
207 242 15
207 321 11
207 514 21
207 557 26
207 779 11
208 485 26
208 629 13
208 701 14
208 744 22
209 404 15
209 526 20
209 623 24
209 658 16
209 669 27
209 752 10
209 757 20
209 789 23
209 904 15
209 991 30
209 999 14
210 238 30
210 515 12
210 665 30
210 919 28
211 212 27
211 386 14
211 432 15
211 482 12
211 672 14
211 683 30
211 875 29
212 486 25
212 518 15
212 533 13
212 575 16
212 632 15
212 800 10
213 293 15
213 347 18
213 444 28
213 501 21
213 533 13
213 610 10
213 781 30
213 795 27
214 226 20
214 249 24
214 276 12
214 306 28
214 420 29
214 560 17
214 644 21
214 646 24
214 730 13
214 779 15
214 853 17
214 983 11
215 306 30
215 343 28
215 358 22
215 563 30
215 657 17
215 667 28
215 685 28
215 842 24
215 866 30
215 959 15
216 538 30
216 594 11
216 633 16
216 644 13
216 755 14
216 782 13
217 271 22
217 491 29
217 541 15
217 593 10
217 598 18
217 842 21
217 852 21
217 889 15
218 344 17
218 405 22
218 480 26
218 501 15
218 686 14
218 716 14
218 718 11
218 925 18
219 280 28
219 418 13
219 488 14
219 505 28
219 507 19
219 780 24
220 278 25
220 388 24
220 424 14
220 500 30
220 637 24
220 735 10
220 780 13
220 855 10
220 960 10
221 320 28
221 362 14
221 403 15
221 430 29
221 592 15
221 614 30
221 687 20
221 720 29
221 759 13
221 850 16
221 977 10
222 253 14
222 282 23
222 564 14
222 632 23
222 705 10
222 821 18
222 830 21
222 908 24
222 959 18
222 963 20
223 283 23
223 438 15
223 563 15
223 728 17
223 911 23
223 937 13
224 506 20
224 529 12
224 552 11
224 863 14
224 961 18
225 537 26
225 777 15
225 850 22
225 880 14
225 893 10
225 976 12
226 249 30
226 268 22
226 916 26
226 921 30
227 570 19
227 627 20
227 665 11
228 320 17
228 327 19
228 598 15
228 615 13
228 915 27
228 923 22
228 942 27
229 489 29
229 624 19
229 779 14
229 826 19
229 845 26
230 263 30
230 289 28
230 320 26
230 322 14
230 475 15
230 496 16
230 633 14
230 654 26
230 895 19
230 964 13
231 464 30
231 491 10
231 642 27
231 740 29
231 757 10
231 842 15
231 853 18
231 886 26
231 921 22
232 277 15
232 292 22
232 339 16
232 456 12
232 478 12
232 511 25
232 577 24
232 602 17
232 604 20
232 657 30
232 691 30
232 725 17
232 860 22
232 970 16
233 396 22
233 818 20
233 968 23
233 975 13
234 247 21
234 634 30
234 695 19
234 767 19
234 800 25
234 946 18
235 468 14
235 654 27
235 729 28
235 812 18
235 902 22
235 924 26
235 939 29
235 975 20
236 352 17
236 655 13
236 815 15
236 928 17
236 982 22
237 253 19
237 292 18
237 622 24
237 853 21
237 963 20
237 983 19
237 984 25
238 319 19
238 386 12
238 387 28
238 405 24
238 948 17
238 999 22
239 277 11
239 406 18
239 467 10
239 511 17
239 653 26
239 795 15
239 816 10
240 328 11
240 472 19
240 796 25
240 807 16
240 832 11
240 891 16
240 975 27
241 295 15
241 300 24
241 368 24
241 389 18
241 392 24
241 404 26
241 548 19
241 549 29
241 646 20
241 875 19
242 379 28
242 475 23
242 573 23
242 635 19
242 870 24
243 284 18
243 347 15
243 740 20
243 795 11
243 864 13
243 873 23
243 914 29
244 326 16
244 432 16
244 543 28
244 566 16
244 623 11
244 719 16
244 844 23
244 861 27
244 934 29
244 940 24
245 372 21
245 440 29
245 802 24
246 401 22
246 441 27
246 516 23
246 561 14
246 949 27
246 963 19
247 263 30
247 304 19
247 374 22
247 470 12
247 512 30
247 581 25
247 606 23
247 618 22
247 755 26
247 760 27
247 835 25
247 889 11
247 960 11
247 963 11
248 499 10
248 639 18
248 728 24
248 773 18
248 823 13
248 883 23
248 989 14
249 298 10
249 457 19
249 554 11
249 642 20
249 718 21
249 721 16
249 836 29
250 291 24
250 351 15
250 426 25
250 462 21
250 656 13
250 682 23
250 802 22
250 874 20
250 927 29
250 949 23
251 307 29
251 447 10
251 590 18
251 802 14
251 843 30
251 907 16
252 375 25
252 385 24
252 451 13
252 488 11
252 539 27
252 595 24
252 619 18
252 761 23
252 859 19
252 932 21
253 479 13
253 570 11
253 617 14
253 734 18
253 830 18
253 863 13
254 283 30
254 507 20
254 530 21
254 557 29
254 628 13
254 719 24
254 762 30
254 940 24
255 325 24
255 369 13
255 399 25
255 404 26
255 504 27
255 577 27
255 765 24
255 957 16
255 986 19
256 288 16
256 381 30
256 428 14
256 574 29
256 667 28
256 670 26
256 687 13
256 692 30
256 736 26
256 825 30
257 296 22
257 426 26
257 491 16
257 677 28
257 867 29
257 911 15
257 921 10
257 943 13
258 290 23
258 302 30
258 343 22
258 385 27
258 422 11
258 446 24
258 460 23
258 520 22
258 579 28
258 627 20
258 756 28
258 798 28
258 856 28
259 272 11
259 293 17
259 358 23
259 384 22
259 529 27
259 758 20
259 807 18
259 898 13
259 962 14
260 265 20
260 432 29
260 454 24
260 463 20
260 596 16
260 606 10
260 643 26
260 661 22
260 755 12
260 834 26
261 329 16
261 364 26
261 535 11
261 699 20
261 821 16
261 851 30
261 898 27
261 974 23
262 312 26
262 369 27
262 398 15
262 427 26
262 601 30
262 626 12
262 665 19
262 697 20
262 809 18
262 909 24
263 426 19
263 495 10
263 572 20
263 631 18
263 857 12
263 929 17
263 931 11
264 266 24
264 438 21
264 525 26
264 781 15
264 825 10
264 958 15
264 970 11
265 310 18
265 537 19
265 914 17
266 305 23
266 443 17
266 526 30
266 586 29
266 712 18
267 327 20
267 334 14
267 347 21
267 426 17
267 608 12
267 682 23
267 709 17
267 903 20
268 509 16
268 618 21
268 709 15
268 785 16
268 898 11
269 283 24
269 513 20
269 605 16
269 701 20
269 708 26
269 714 12
269 820 15
269 869 16
269 951 30
270 411 27
270 417 19
270 545 20
271 356 14
271 427 14
271 587 26
271 676 28
271 693 19
271 737 23
271 874 19
271 988 22
272 370 12
272 493 16
272 512 11
272 531 26
272 674 16
272 994 29
273 283 27
273 453 18
273 501 21
273 631 30
273 635 22
273 871 30
273 878 24
274 578 28
274 591 14
274 684 16
274 688 17
274 771 15
274 788 17
274 844 24
275 458 20
275 550 23
275 606 21
275 624 18
275 689 12
275 729 18
276 573 27
276 631 18
276 921 29
277 424 11
277 538 25
277 637 13
277 674 14
277 732 26
277 790 26
277 927 20
277 944 26
278 406 14
278 490 21
278 714 21
278 837 20
278 941 10
279 329 21
279 413 21
279 615 19
279 630 30
279 725 27
279 930 27
280 287 10
280 311 17
280 344 18
280 402 11
280 669 25
280 681 13
280 750 17
280 819 17
280 821 21
280 915 24
281 300 11
281 362 17
281 364 28
281 624 18
281 656 18
281 884 19
282 304 11
282 402 15
283 416 22
283 422 10
283 516 22
283 594 27
283 876 15
284 580 25
284 600 23
284 668 12
284 898 27
284 923 18
284 934 22
285 382 10
285 396 28
285 476 23
285 487 12
285 570 18
285 677 12
285 749 10
285 820 21
285 836 29
286 352 14
286 391 20
286 495 17
286 513 30
286 818 12
286 833 19
286 966 26
287 509 13
287 576 28
287 702 18
287 814 17
287 829 20
288 296 13
288 405 23
288 426 12
288 640 10
288 688 15
288 728 30
288 756 13
288 787 14
288 871 25
288 872 11
289 541 17
289 710 10
289 724 18
289 730 17
289 756 14
289 897 23
289 976 21
290 351 24
290 365 17
290 425 15
290 451 23
290 556 22
290 557 10
290 571 11
290 769 16
290 805 23
290 919 10
291 468 19
291 490 20
291 545 11
291 721 19
291 777 15
291 799 22
291 928 26
292 350 12
292 396 12
292 557 22
292 576 20
292 629 15
292 786 14
292 895 24
293 344 16
293 424 12
293 550 13
293 574 29
293 813 20
294 338 30
294 506 19
294 578 24
294 738 18
295 352 15
295 433 20
295 450 10
295 663 23
295 666 14
295 816 28
295 857 18
295 887 12
296 482 28
296 557 23
296 660 19
296 995 13
297 306 22
297 528 16
297 662 24
297 788 15
297 843 21
297 876 14
297 930 17
297 957 20
298 348 22
298 357 22
298 371 25
298 534 30
298 613 17
298 629 10
298 797 20
298 829 19
298 919 17
298 983 24
298 997 14
299 355 11
299 399 29
299 501 13
299 515 26
299 814 14
299 834 21
299 934 26
300 385 20
300 463 11
300 467 20
300 495 13
300 547 16
300 740 20
300 911 17
301 414 19
301 578 12
301 677 24
301 680 15
301 721 30
301 799 27
302 467 24
302 509 20
302 540 14
302 690 26
302 742 12
302 797 26
302 876 26
302 897 15
303 459 18
303 464 12
303 503 10
303 549 29
303 620 15
303 699 13
303 769 11
303 959 28
304 628 11
304 673 29
304 859 29
304 877 15
304 987 12
305 572 19
305 701 11
305 730 21
305 879 23
305 904 14
306 449 19
306 579 16
306 639 14
306 665 28
306 830 15
306 924 14
307 450 29
307 460 20
307 484 27
307 503 12
307 532 20
307 538 22
307 566 10
307 793 15
307 822 30
307 849 20
307 937 13
307 992 22
307 996 15
308 557 21
308 577 29
308 615 28
309 350 29
309 430 25
309 484 24
309 774 20
309 801 11
309 995 21
310 366 24
310 422 12
310 460 11
310 474 19
310 657 29
310 662 25
310 740 12
310 892 19
310 950 19
310 996 21
311 574 16
311 705 27
311 732 10
311 763 12
311 842 20
312 418 29
312 746 28
312 887 14
312 895 21
313 443 13
313 464 13
313 590 10
313 770 19
314 369 14
314 386 11
314 443 12
314 449 10
314 488 12
314 685 21
315 420 18
315 650 10
315 740 16
315 756 30
316 372 25
316 417 27
316 617 12
316 780 18
316 860 17
316 861 15
317 507 26
317 560 24
317 564 26
317 590 17
317 627 11
317 749 20
317 822 12
317 880 28
318 427 19
318 514 27
318 541 29
318 606 11
318 653 21
318 683 19
318 773 16
318 828 13
318 845 27
318 946 17
318 954 15
319 453 25
319 781 29
319 793 16
319 872 17
320 426 15
320 502 12
320 590 19
320 611 19
320 613 18
320 728 22
320 755 23
320 900 26
321 356 19
321 450 26
321 822 15
321 851 26
321 853 10
322 365 17
322 599 12
322 607 16
323 447 30
323 607 25
323 651 14
323 657 17
323 741 12
323 846 22
323 972 13
324 356 14
324 397 29
324 560 25
324 622 13
324 640 22
324 838 29
324 883 12
324 923 10
324 970 23
324 980 16
325 349 13
325 505 23
325 611 22
325 622 28
325 768 25
326 581 18
326 582 11
326 647 16
326 880 12
326 900 10
326 916 12
327 569 12
327 574 24
327 630 11
327 665 16
327 734 21
327 839 20
328 332 27
328 343 20
328 463 13
328 529 26
328 573 23
328 580 22
329 417 20
329 546 24
329 639 24
329 728 12
329 755 22
329 988 18
330 353 24
330 381 14
330 537 21
330 605 26
330 640 15
330 792 12
330 824 18
330 854 18
330 880 11
330 898 14
331 406 27
331 460 30
331 583 21
331 604 15
331 733 28
331 890 15
331 900 28
332 436 25
332 444 22
332 474 25
332 554 26
332 822 30
332 913 26
332 954 12
332 956 22
333 461 30
333 490 27
333 539 19
333 579 16
333 896 12
334 388 27
334 480 12
334 512 20
334 575 14
334 586 15
334 669 18
334 674 25
334 706 11
334 758 23
334 844 11
334 845 22
334 932 14
335 368 23
335 458 11
335 466 17
335 572 15
335 614 15
335 639 12
335 683 20
335 717 11
335 887 17
336 456 12
336 496 23
336 579 11
336 644 25
336 866 10
336 953 27
336 954 29
337 748 25
337 762 21
337 887 29
337 894 27
337 942 23
338 388 16
338 517 22
338 600 26
338 601 27
338 603 22
338 840 10
338 972 16
338 979 23
339 387 26
339 509 30
339 670 22
339 821 19
339 900 27
339 935 29
339 967 27
340 394 11
340 406 23
340 418 13
340 445 12
340 527 18
340 570 23
340 785 14
340 849 24
340 919 14
340 968 13
341 448 12
341 498 21
341 654 10
341 736 16
341 873 14
341 904 17
341 928 13
342 431 13
342 500 27
342 510 20
342 546 13
342 676 10
343 347 23
343 475 13
343 587 17
343 654 16
343 819 23
343 874 16
344 448 27
344 509 27
344 516 21
344 712 25
344 807 24
345 369 24
345 505 19
345 524 15
345 749 20
345 768 28
346 376 29
346 434 20
346 702 28
346 721 20
346 879 22
346 916 24
347 418 15
347 575 27
347 741 24
347 779 21
347 854 29
347 879 28
347 912 21
347 999 23
348 358 12
348 363 18
348 445 14
348 594 19
348 643 27
349 360 26
349 458 24
349 479 21
349 605 27
349 675 30
349 719 29
349 928 28
349 938 24
350 394 29
350 506 21
350 589 15
350 648 20
350 678 23
350 741 28
350 857 23
350 859 18
350 876 11
350 944 13
350 948 28
350 998 29
351 362 26
351 452 24
351 727 24
352 550 10
352 571 21
352 608 30
353 372 30
353 423 17
353 603 18
353 739 18
353 845 12
353 941 14
353 951 13
354 375 23
354 428 23
354 561 23
354 587 28
354 602 26
354 682 26
354 695 17
354 741 14
354 910 26
354 918 30
355 396 28
355 460 14
355 463 24
355 550 16
355 625 28
355 680 15
355 898 11
356 636 13
356 833 11
356 966 20
357 425 26
357 544 18
357 625 26
357 727 30
357 732 29
357 754 29
357 859 10
358 367 12
358 395 29
358 633 27
358 876 30
359 418 17
359 473 18
359 887 30
359 941 29
360 422 19
360 606 11
360 740 11
360 767 15
360 794 26
360 853 10
361 522 11
361 650 29
361 668 22
361 726 18
361 818 27
361 882 27
361 910 15
361 973 21
361 989 26
362 413 15
362 522 24
362 542 27
362 634 27
362 699 30
362 700 18
362 765 21
362 948 28
363 433 16
363 576 30
363 596 14
363 807 22
363 913 13
363 992 18
363 998 30
364 558 30
364 660 22
364 984 11
365 386 18
365 463 28
365 715 26
365 844 10
365 885 28
366 505 15
366 510 13
366 609 24
366 619 14
366 679 16
366 756 13
366 799 26
366 955 27
366 982 15
367 377 28
367 497 13
367 650 10
367 776 26
367 846 11
367 974 24
368 385 28
368 466 19
368 599 19
368 666 24
368 680 18
368 845 24
368 849 10
368 957 10
369 410 20
369 507 20
369 702 10
369 716 23
369 838 29
369 876 21
369 996 18
370 381 28
370 408 10
370 561 10
370 781 25
370 833 25
370 975 18
371 389 20
371 395 10
371 482 13
371 593 29
371 911 18
371 976 11
372 393 28
372 464 25
372 612 30
372 616 26
372 715 22
372 745 14
372 943 27
372 958 13
373 389 14
373 392 18
373 432 24
373 439 24
373 449 19
373 631 13
373 714 12
373 752 13
373 785 10
373 870 25
373 914 27
373 975 29
374 561 29
374 583 30
374 656 27
374 841 19
374 873 19
374 926 27
375 464 17
375 545 10
375 565 10
375 658 25
375 676 11
375 933 29
376 446 26
376 535 11
376 636 17
376 682 25
376 750 25
376 843 21
376 965 12
377 503 21
377 510 20
377 577 29
377 621 15
377 694 25
377 898 25
378 487 29
378 543 26
378 729 15
378 865 12
379 477 28
379 572 27
379 740 21
379 816 26
379 921 30
379 925 29
379 985 19
379 992 26
380 716 10
380 772 28
380 825 15
380 830 25
380 849 15
380 872 19
380 891 23
381 396 30
381 429 25
381 521 29
381 597 23
381 611 30
381 662 23
382 396 15
382 476 17
382 481 29
382 495 27
382 524 28
382 584 28
382 626 17
382 822 13
382 966 17
382 997 30
383 575 18
383 872 11
383 879 27
384 396 24
384 620 11
384 645 19
384 680 27
384 747 21
384 967 12
385 435 20
385 541 16
385 566 23
385 776 27
385 890 10
385 924 28
385 938 12
385 980 14
386 560 12
386 598 27
386 767 26
386 836 22
386 868 22
386 909 29
386 981 21
387 398 12
387 709 21
387 712 27
387 918 25
388 450 20
388 741 13
388 861 12
388 907 13
389 485 23
389 635 29
390 555 23
390 777 10
390 926 13
391 442 20
391 497 16
391 626 26
392 506 27
392 516 29
392 586 12
392 635 30
392 648 29
392 659 28
392 696 20
392 922 23
392 938 21
392 959 24
392 982 26
393 501 21
393 517 13
393 537 29
393 630 14
393 654 28
393 788 12
393 834 29
393 893 29
394 407 17
394 442 17
394 471 25
394 473 26
394 493 12
394 645 22
394 879 25
394 916 22
395 424 10
395 550 30
395 645 25
395 663 23
395 692 26
395 707 21
395 772 20
395 866 29
396 407 19
396 440 15
396 564 15
396 618 26
396 659 11
396 687 29
396 796 25
396 804 25
396 875 24
396 886 29
397 410 12
397 411 18
397 423 17
397 552 14
397 559 29
397 751 14
397 921 13
398 407 26
398 567 21
398 602 26
398 709 13
398 936 11
399 490 27
399 647 10
399 747 20
399 770 24
399 798 21
399 824 23
399 998 11
400 406 27
400 602 22
400 726 10
400 825 14
400 844 23
400 895 23
400 925 28
401 423 21
401 470 19
401 630 28
401 806 15
401 977 23
401 985 15
402 422 13
402 661 30
402 856 11
402 915 11
402 928 19
403 474 21
403 496 18
403 514 19
403 629 18
403 790 11
403 934 16
403 993 28
403 996 21
404 405 24
404 498 24
404 511 14
404 798 20
404 942 16
405 469 10
405 631 21
405 720 13
405 746 19
405 791 10
405 807 22
405 817 28
405 851 26
406 438 15
406 471 21
406 573 20
406 643 22
406 645 22
406 760 25
406 799 10
406 918 15
407 570 22
407 635 13
408 436 18
408 455 10
408 588 21
408 594 27
408 618 20
408 636 26
408 701 21
408 814 14
408 880 26
408 987 17
408 996 17
409 494 16
409 608 16
409 672 17
409 711 16
409 729 28
409 745 21
409 761 16
409 837 18
409 846 17
409 996 27
410 527 23
410 593 18
410 674 30
410 792 29
410 847 19
411 628 23
412 670 27
412 712 26
412 771 22
412 796 24
412 806 25
412 953 18
413 483 26
413 485 12
413 519 20
413 666 20
413 824 13
413 845 30
413 899 26
413 921 26
413 976 24
414 443 10
414 503 17
414 573 24
414 585 15
414 615 13
414 643 30
414 688 15
414 931 19
414 982 25
415 466 15
415 493 13
415 601 13
415 824 15
416 501 12
416 524 24
416 629 12
416 832 18
417 503 26
417 811 21
418 467 12
418 603 29
418 659 14
418 707 30
419 480 16
419 617 25
419 640 16
419 664 26
419 687 16
419 896 21
420 713 10
420 747 11
420 787 21
421 511 11
421 566 18
421 595 22
421 847 19
422 453 17
422 556 17
422 684 28
422 770 18
422 880 29
423 489 26
423 561 23
423 578 15
423 669 30
423 796 29
423 953 15
423 986 22
424 460 22
424 535 27
424 615 19
424 743 20
424 889 28
424 988 15
425 444 14
425 473 17
425 544 14
425 546 29
425 710 22
425 757 15
425 843 13
425 879 16
425 880 17
426 536 25
426 624 13
426 634 12
426 714 16
426 879 13
426 976 16
427 524 21
427 710 19
427 814 22
427 891 12
427 934 29
428 587 19
428 590 26
428 691 23
428 714 12
428 857 30
428 898 24
428 920 16
428 951 29
428 976 16
428 991 28
429 441 11
429 746 27
429 893 21
430 573 17
430 584 22
430 695 19
431 471 12
431 911 23
432 496 22
432 656 25
432 683 20
432 710 12
432 787 10
432 892 17
433 476 17
433 683 26
433 906 15
433 949 22
433 994 18
434 437 29
434 623 15
434 686 15
434 749 18
434 806 30
434 965 30
435 473 23
435 527 12
435 612 29
435 618 10
435 686 28
435 703 25
435 868 16
436 484 29
436 648 16
436 813 25
436 950 26
437 470 30
437 480 15
437 595 30
437 720 22
437 878 21
437 905 11
437 967 21
438 631 27
438 770 17
438 882 19
438 999 25
439 482 11
439 500 27
439 619 25
439 698 18
439 756 28
439 804 28
439 832 14
439 863 10
440 493 17
440 494 30
440 526 16
440 584 15
440 591 23
440 598 11
440 639 28
440 677 29
440 680 10
440 738 25
440 761 23
440 836 20
440 839 18
440 878 10
440 912 21
441 708 29
441 907 21
442 490 29
442 854 14
442 870 24
442 915 13
442 937 24
442 944 27
443 457 20
443 490 13
443 580 15
443 719 19
443 836 21
443 946 27
444 999 18
445 678 10
445 685 17
445 702 16
445 788 27
445 906 12
445 957 19
445 969 29
445 993 29
446 666 22
447 641 18
447 699 21
447 890 27
447 929 28
448 503 29
448 674 27
448 830 26
448 831 22
448 915 29
449 530 22
449 549 17
449 586 22
449 632 25
449 800 18
449 801 26
449 853 25
449 988 19
450 473 22
450 528 13
450 551 13
450 764 25
451 513 12
451 583 23
451 629 17
451 636 14
451 640 12
451 665 23
451 908 24
451 971 10
452 504 21
452 698 14
452 820 30
453 552 10
453 562 18
453 696 24
453 850 21
453 910 27
453 913 17
453 950 11
454 466 26
454 508 23
454 660 30
454 717 11
454 726 20
454 801 18
454 847 30
454 883 19
455 552 24
456 467 27
456 658 27
456 676 10
456 842 20
456 859 13
457 548 14
457 659 22
457 680 13
457 721 27
457 757 28
457 794 27
457 931 21
458 676 28
458 678 12
458 800 12
458 829 30
458 831 25
458 846 13
458 872 14
459 535 13
459 636 15
459 696 12
459 706 24
459 870 18
459 987 10
460 493 19
460 534 29
460 567 23
460 625 17
460 872 23
461 538 24
461 719 28
461 766 22
461 845 19
461 964 24
462 721 24
462 746 30
463 519 23
463 530 24
463 736 18
464 635 16
464 721 27
464 915 18
465 543 17
465 798 16
465 806 18
465 819 30
465 842 13
466 556 22
466 568 10
466 602 29
466 638 30
466 705 27
466 818 18
467 587 27
467 717 22
467 764 29
467 774 16
468 475 28
468 805 27
468 849 20
468 923 26
469 481 10
469 523 11
469 749 26
469 782 11
469 986 11
470 646 15
470 840 14
470 944 13
470 953 21
471 628 24
471 714 28
471 807 18
472 507 24
472 532 12
472 681 12
472 746 15
472 758 22
472 815 27
473 521 15
473 538 10
473 566 15
474 485 21
474 527 13
474 618 24
474 620 13
474 660 12
474 819 24
474 821 21
475 517 13
475 532 14
475 896 25
476 704 24
476 817 17
477 515 15
477 598 14
477 945 28
478 532 21
478 745 23
478 802 15
478 854 16
479 917 10
480 621 15
480 690 10
480 803 18
481 645 30
481 674 13
481 676 19
481 710 19
481 747 21
481 789 29
481 798 28
481 808 21
481 816 19
481 884 25
481 908 11
482 859 20
482 999 28
483 645 21
483 652 21
483 680 26
483 720 28
483 799 10
483 854 24
483 911 26
484 508 25
484 573 12
484 743 17
484 796 12
484 832 21
484 917 22
484 928 18
485 582 20
485 692 25
485 725 12
485 793 12
485 912 10
485 943 14
486 500 30
486 577 25
486 658 24
486 677 25
486 785 28
486 951 23
487 536 25
487 580 11
487 645 14
487 722 22
488 561 23
488 567 14
488 582 14
488 642 19
488 746 25
488 892 16
489 609 25
489 826 10
489 854 22
489 896 12
490 609 27
490 623 28
490 648 13
490 760 15
490 841 10
490 842 16
490 903 27
491 532 23
491 640 30
491 696 22
491 798 14
491 932 17
492 797 20
492 845 18
492 881 23
493 585 30
493 606 14
493 765 12
493 887 13
493 920 29
494 511 22
494 548 21
494 565 16
494 713 14
494 728 30
494 814 11
494 905 13
494 964 19
495 532 27
495 904 13
495 981 10
496 532 27
496 627 24
496 644 25
496 662 28
496 667 16
496 792 15
496 987 29
497 527 11
497 552 24
497 570 19
497 655 24
497 820 22
497 825 19
498 543 10
498 757 10
498 840 14
499 672 14
499 696 17
499 781 21
499 867 30
499 952 26
499 992 19
500 569 23
500 934 19
500 963 12
501 687 16
501 701 13
501 752 25
501 873 13
501 970 15
502 523 23
502 617 29
502 768 10
502 817 28
503 640 27
503 878 16
503 929 23
504 657 21
504 675 17
504 820 18
504 861 15
504 949 13
505 568 20
505 611 25
505 744 14
506 557 30
506 606 29
506 618 20
506 626 30
506 832 29
506 834 24
506 836 26
507 569 24
507 572 26
507 711 13
507 817 15
508 538 17
508 688 21
508 737 23
508 970 13
509 647 16
509 663 30
509 867 12
510 565 27
510 720 12
510 739 12
510 760 17
510 809 30
510 833 22
510 971 12
511 561 20
511 579 30
511 692 26
511 736 23
511 903 27
511 917 21
512 551 25
512 554 11
512 791 26
512 936 10
512 998 11
513 537 12
513 561 26
513 621 21
513 874 12
513 959 14
514 609 12
514 708 28
514 730 20
514 929 28
515 694 14
515 795 13
515 918 12
515 922 18
516 532 13
516 548 25
516 582 12
517 524 26
517 574 20
517 587 14
517 625 20
517 784 17
517 974 11
517 980 22
518 538 12
518 629 24
518 724 11
518 833 16
518 967 26
518 994 15
519 580 13
519 692 16
519 836 23
519 923 23
519 985 24
520 922 18
521 554 14
521 555 25
521 599 30
521 894 18
521 895 18
521 984 23
522 572 12
522 660 14
522 685 28
522 688 28
522 820 10
522 921 21
522 967 30
523 526 30
523 566 26
523 630 20
523 641 19
523 704 28
523 886 22
523 945 25
524 701 27
524 789 12
524 847 29
524 868 24
524 876 16
524 956 19
525 569 20
525 587 27
525 600 30
525 607 29
525 640 26
525 842 25
525 945 28
526 557 17
526 662 21
526 771 27
526 775 13
526 878 13
527 588 14
527 708 25
527 811 16
527 915 25
528 615 17
529 556 23
529 712 17
529 909 29
530 554 16
530 629 29
530 750 13
530 846 12
530 876 21
531 697 23
531 760 16
531 895 28
531 902 21
532 552 16
532 709 26
532 752 23
532 780 17
533 548 18
533 795 25
534 571 13
534 623 12
534 814 15
535 589 12
535 640 30
535 642 29
535 644 22
535 933 28
535 975 22
535 983 15
536 628 23
536 661 10
537 792 25
537 948 29
538 778 26
538 800 11
538 930 13
539 545 21
539 646 23
539 685 27
539 742 22
539 823 18
539 842 28
539 948 10
540 643 23
540 766 15
540 786 24
540 842 30
541 572 27
541 574 18
541 612 17
541 637 10
541 697 20
541 874 30
541 909 19
542 623 28
542 665 28
542 675 13
542 878 27
542 918 18
543 559 27
543 622 22
544 604 21
545 845 27
545 854 17
545 994 11
546 703 10
546 717 18
547 600 23
547 767 17
547 836 13
547 909 19
547 957 20
547 977 25
548 569 26
548 917 20
549 859 14
549 917 18
549 985 17
550 627 19
550 638 17
550 674 11
550 715 23
550 717 16
550 758 30
550 767 15
550 818 29
550 878 20
551 725 20
551 917 23
551 990 11
551 991 18
551 993 21
552 641 30
552 787 28
552 935 13
552 985 23
553 634 30
553 654 26
553 709 15
554 588 26
554 644 14
555 699 29
555 745 11
555 763 25
555 831 25
555 911 14
555 914 12
555 926 15
556 576 19
556 698 22
556 768 22
556 774 13
556 783 16
556 949 19
556 955 29
556 996 25
557 685 23
557 755 24
557 839 22
557 929 28
558 619 11
558 777 27
558 812 11
558 972 16
559 715 23
559 724 29
559 795 17
559 830 28
559 952 11
559 962 18
560 592 19
560 662 28
560 687 29
560 728 20
560 927 15
560 939 22
560 965 13
560 985 14
561 654 21
561 750 27
561 859 27
561 868 13
562 583 20
562 630 26
562 732 20
562 991 30
563 931 25
563 941 23
564 568 23
564 859 11
564 931 29
565 687 22
565 734 23
565 810 16
565 847 29
565 876 15
565 904 20
566 602 27
566 659 17
567 592 10
567 660 12
567 677 30
568 779 16
568 780 17
568 808 19
568 894 29
569 615 25
569 633 27
569 652 15
569 662 15
569 692 26
569 733 23
569 759 26
569 920 27
569 927 11
570 643 22
570 730 18
570 947 10
571 865 15
572 748 24
572 967 23
573 579 10
573 581 11
573 696 10
573 700 17
573 744 11
573 944 27
574 617 12
574 881 30
574 900 26
574 901 29
574 916 28
574 982 26
575 589 24
575 639 17
575 820 10
575 956 18
576 585 21
576 591 24
576 621 18
576 725 16
576 745 10
576 811 29
576 852 29
576 962 23
576 970 12
577 616 29
577 623 30
577 652 11
577 868 13
577 904 14
577 955 18
577 976 26
578 613 28
578 625 21
578 981 10
579 702 12
579 710 28
579 732 20
580 639 10
580 809 25
580 922 23
581 832 27
581 963 15
582 602 26
582 628 27
582 635 29
582 672 28
582 754 19
582 839 19
582 842 22
583 605 14
583 612 27
583 646 14
583 740 19
583 807 13
583 810 12
583 856 29
583 932 23
583 937 28
583 942 19
583 965 16
584 884 30
585 670 10
585 677 16
585 797 21
585 821 15
585 899 16
586 588 25
586 725 15
586 894 21
586 895 27
586 997 19
587 590 28
587 717 30
587 737 30
587 765 15
587 886 23
588 594 22
588 776 29
588 801 25
588 817 27
588 837 19
589 591 18
589 620 27
589 682 26
589 922 14
590 612 22
590 622 12
590 683 26
591 606 23
591 683 11
591 765 16
591 894 15
591 914 29
592 594 30
592 790 26
592 979 17
592 985 22
593 666 19
593 703 26
593 832 15
593 972 22
593 982 10
594 636 10
594 708 15
594 863 12
595 638 15
595 694 13
595 935 12
595 967 29
596 678 27
596 710 11
596 781 21
596 893 26
597 631 16
597 713 14
597 825 11
597 883 21
597 958 30
598 763 28
598 811 24
599 710 10
599 749 13
600 652 29
600 788 18
600 816 21
600 896 14
601 724 19
601 743 26
601 780 15
601 905 10
601 963 24
602 823 17
602 852 17
603 635 19
603 797 17
604 809 23
604 825 25
605 732 11
605 853 14
606 696 27
606 760 15
606 799 11
606 843 23
607 855 27
607 878 15
607 897 10
607 982 15
608 629 16
608 637 13
608 794 25
609 693 10
609 857 15
609 896 22
610 803 30
610 809 27
611 855 20
611 956 16
612 775 18
612 863 24
613 808 21
613 871 17
613 929 14
614 775 28
614 802 17
614 907 27
614 994 20
615 667 30
615 950 30
615 989 17
616 828 11
616 866 13
616 956 23
616 959 24
616 976 17
616 989 23
617 642 26
617 709 19
617 768 11
617 791 19
617 831 14
617 947 28
617 972 25
617 973 10
618 625 22
618 761 27
618 884 22
619 659 14
619 818 15
619 828 27
619 874 18
620 719 11
620 847 13
620 850 20
620 880 23
620 911 16
620 977 20
621 630 11
621 884 10
622 711 21
622 831 16
622 917 30
622 940 10
622 968 15
623 654 24
623 693 28
624 815 11
624 866 13
624 934 21
624 977 21
625 728 18
625 837 20
626 661 14
626 687 10
626 855 22
627 674 27
627 740 13
627 925 18
628 645 18
628 774 21
628 920 23
628 970 28
629 664 17
629 829 17
629 916 20
630 689 15
630 700 10
630 702 27
630 763 29
630 811 27
630 912 14
630 944 21
631 650 22
631 843 30
631 901 30
631 997 13
632 660 30
632 780 16
632 834 11
632 852 14
632 876 29
632 998 22
633 734 24
633 820 15
633 913 12
634 669 27
635 737 22
635 821 30
635 862 20
635 883 18
635 934 12
635 968 19
636 745 27
636 838 18
636 964 21
637 671 21
637 762 29
637 974 16
638 656 19
638 778 22
638 800 15
640 800 24
640 912 22
641 683 26
642 753 18
642 815 20
642 820 26
642 875 24
642 897 21
642 921 20
642 942 10
643 719 15
643 722 23
643 734 18
643 881 21
643 900 26
643 907 22
643 940 25
644 767 28
644 861 16
645 646 16
645 714 28
645 817 24
645 850 11
645 910 23
645 993 27
646 665 28
646 739 18
646 831 30
646 938 18
646 974 23
647 768 25
647 904 26
647 936 22
647 965 29
648 729 12
648 766 29
648 819 23
648 908 25
648 933 30
650 687 27
650 866 22
650 962 19
650 970 30
651 824 28
651 870 20
651 884 26
652 963 13
652 977 19
653 764 27
653 802 28
653 834 17
653 890 23
653 917 19
653 985 17
654 673 23
654 695 16
654 795 22
654 848 11
654 861 21
654 988 16
655 758 25
655 830 15
655 849 26
655 857 29
655 862 29
655 866 29
655 936 27
655 992 25
656 720 15
656 725 10
656 765 24
656 847 23
656 848 17
657 683 17
657 893 12
657 904 11
657 908 24
657 945 18
658 661 13
658 663 29
658 689 19
658 749 23
658 894 21
658 992 20
659 744 21
660 676 24
660 714 20
660 737 12
660 789 28
660 807 11
661 957 25
662 722 12
662 756 14
662 842 25
662 874 21
663 713 13
663 850 12
663 876 24
664 795 25
664 880 12
665 892 16
665 933 22
666 858 14
666 893 20
666 901 23
666 923 18
666 924 16
666 945 13
667 779 15
667 935 17
668 684 13
668 764 24
668 815 27
668 967 27
669 675 21
669 693 24
669 852 13
669 886 21
669 905 19
669 953 28
669 982 24
671 705 19
671 901 20
671 952 30
672 686 25
672 891 20
672 904 25
672 906 28
672 924 22
672 938 24
673 682 10
673 712 12
673 873 23
674 691 24
674 730 13
674 855 21
674 874 27
674 891 23
674 980 17
674 998 30
675 771 12
675 774 16
675 784 11
677 712 21
677 879 29
677 976 19
678 716 17
678 858 24
678 994 29
679 737 10
679 738 22
679 872 10
679 933 13
679 977 22
680 738 23
680 777 11
680 832 23
680 847 30
680 870 17
681 810 22
682 955 25
682 961 24
683 700 25
683 713 25
683 823 27
683 898 15
683 921 25
684 841 15
685 840 30
685 957 12
685 999 16
686 707 13
686 770 28
686 848 24
686 966 21
686 988 18
687 790 10
687 897 11
687 917 20
687 979 30
687 990 12
688 691 10
688 860 20
688 880 26
689 776 12
689 816 24
689 966 13
690 706 27
690 862 18
690 960 12
691 709 24
691 794 20
691 812 14
691 893 27
691 944 14
692 699 18
692 953 26
693 752 19
693 782 18
693 815 14
693 931 25
695 726 29
695 737 10
695 741 11
695 759 27
695 832 24
695 846 27
695 866 26
695 950 16
695 991 15
696 863 20
696 903 27
697 741 18
697 766 25
697 975 30
698 699 28
698 730 15
698 754 18
698 890 27
699 759 20
699 886 21
699 927 13
700 958 14
700 976 22
700 993 21
701 746 12
701 814 19
701 943 28
702 794 24
702 831 25
702 862 16
703 778 15
703 924 30
703 964 26
704 714 14
704 765 24
704 795 13
705 760 19
705 803 15
705 809 29
705 817 30
705 912 29
705 967 14
706 836 20
706 851 23
706 894 12
707 834 16
707 969 13
708 774 11
708 864 28
708 898 22
708 999 19
709 714 27
709 731 17
709 757 22
709 832 20
709 901 29
710 718 12
710 795 28
710 809 22
710 816 23
710 842 19
710 935 23
710 979 24
710 988 26
711 813 19
711 920 15
711 962 24
711 992 19
712 733 14
712 734 11
712 892 23
712 894 18
712 899 20
713 788 12
713 870 15
713 923 16
714 770 23
714 818 26
714 822 20
714 965 29
715 733 28
715 764 16
715 806 19
715 871 19
715 903 29
715 989 15
716 730 11
716 743 20
716 961 16
716 997 28
717 731 16
717 737 19
717 753 28
717 800 21
717 892 11
717 931 13
717 943 28
718 832 26
718 956 22
719 727 27
719 830 11
719 964 12
719 970 11
720 912 16
721 818 25
721 890 25
721 924 26
721 942 23
722 731 24
722 756 10
722 971 13
723 898 22
723 911 15
724 780 18
724 962 13
725 906 30
725 916 28
725 995 23
726 786 23
726 861 17
727 751 10
727 801 24
727 806 26
727 843 14
727 874 26
728 744 15
728 842 16
728 888 16
728 987 17
729 756 19
729 771 14
729 774 19
729 851 16
729 912 20
729 932 21
729 942 19
730 739 14
730 938 27
731 768 28
731 835 24
731 897 20
731 907 30
731 929 27
732 883 23
732 942 11
732 968 11
732 975 16
733 879 24
733 905 30
733 921 11
733 937 29
734 925 22
734 940 16
735 885 24
735 907 16
735 980 14
735 989 25
737 752 18
737 929 21
739 870 12
739 967 16
740 913 22
741 758 16
741 902 10
741 927 21
741 967 11
742 819 26
742 960 19
743 745 10
743 747 13
743 759 24
744 882 25
744 886 17
744 961 13
745 833 28
745 866 17
745 920 11
746 763 22
747 768 28
747 811 23
747 940 29
747 948 14
747 993 15
747 998 14
748 828 15
748 852 22
748 885 27
749 853 23
749 960 27
749 997 16
750 975 26
751 822 12
751 861 23
751 873 25
751 912 25
752 817 17
752 828 10
752 904 20
752 954 17
752 977 25
753 828 29
753 913 22
753 972 22
753 981 28
755 814 17
755 831 26
756 835 24
756 884 11
757 784 16
757 813 30
757 885 17
757 983 25
758 820 25
758 863 14
758 873 28
759 797 25
759 800 18
759 833 27
759 887 18
759 888 17
760 880 16
760 929 29
760 944 27
761 836 29
762 937 20
763 911 19
764 769 17
764 786 15
764 963 18
764 964 12
765 951 10
766 854 18
766 872 17
766 970 18
766 974 16
767 795 10
767 846 28
767 859 14
767 914 29
767 924 16
767 952 24
768 924 10
769 977 22
769 991 28
770 894 13
770 979 23
772 849 12
772 933 14
773 806 15
773 851 22
773 877 11
774 781 30
774 802 11
774 959 28
775 787 21
775 875 10
776 858 20
776 901 13
780 910 30
780 978 10
780 983 14
781 808 29
781 984 22
781 991 27
782 785 17
782 873 21
782 999 14
783 876 29
784 793 14
784 859 25
784 891 20
784 981 25
785 896 21
785 940 28
786 792 25
786 801 23
786 828 18
786 838 16
786 847 25
786 910 27
787 817 23
788 808 27
788 886 11
788 888 29
788 919 15
788 922 12
788 977 28
788 988 21
789 802 11
789 953 21
789 993 16
790 860 27
790 942 26
790 971 11
791 819 18
791 877 25
792 863 20
792 897 27
793 968 25
793 994 29
794 890 10
794 943 14
794 999 23
795 981 21
796 935 23
796 965 15
798 895 13
798 977 16
799 810 17
799 813 30
799 976 22
799 996 18
800 917 13
800 947 10
801 811 29
801 981 30
802 824 27
802 976 26
803 819 28
803 838 26
803 839 12
803 983 21
804 839 24
805 984 23
807 840 28
807 913 17
809 933 27
809 936 29
810 812 19
810 815 13
810 881 30
810 902 27
811 983 13
812 881 22
813 881 29
813 899 11
815 872 15
815 898 11
816 925 22
817 941 21
818 854 23
818 909 18
818 925 18
818 977 13
819 947 20
820 851 30
820 907 29
822 905 19
822 980 11
823 934 23
823 970 30
824 954 21
824 963 17
824 967 15
825 853 23
825 929 25
826 853 21
826 870 13
826 915 14
826 981 23
827 936 11
828 842 18
828 864 14
828 902 28
831 976 28
832 867 27
833 973 11
834 925 12
836 985 28
836 987 17
837 889 21
837 962 25
837 991 10
838 843 24
838 858 20
838 929 13
838 986 25
839 859 11
839 918 21
840 930 22
843 914 16
844 924 24
845 951 20
846 891 22
846 898 24
847 857 23
847 890 11
848 969 30
848 971 30
848 976 10
848 987 22
848 991 12
850 983 21
850 997 29
851 945 19
852 910 22
852 953 15
853 905 15
854 934 17
855 888 12
857 875 13
858 977 10
859 901 11
861 920 23
862 999 16
863 947 10
867 877 15
868 959 28
868 974 23
868 985 19
871 944 21
872 901 21
873 884 26
875 976 26
876 998 10
879 939 23
879 987 15
881 941 20
882 934 18
883 947 19
883 986 10
884 944 10
886 925 29
886 956 27
887 958 11
889 989 15
895 974 27
895 986 21
896 898 27
898 905 24
898 940 19
899 941 14
900 972 14
903 939 11
904 988 21
905 974 25
906 951 11
907 968 15
907 993 14
912 979 17
914 930 27
916 951 23
916 975 28
917 998 25
921 933 24
923 931 30
923 960 14
927 950 13
927 961 25
928 994 18
929 954 24
929 981 24
930 978 18
931 979 28
934 967 15
937 976 28
938 962 23
942 959 27
945 984 23
945 987 15
945 992 24
948 966 14
949 972 30
949 975 21
949 981 19
950 972 29
950 997 20
951 962 11
951 973 10
953 968 18
955 968 25
955 973 28
958 983 12
959 975 11
975 994 20
979 981 18
988 993 28
